{
  "dataset": "haploid_point_alleles",
  "ploidy": 1,
  "nInd": 8,
  "pops": "A",
  "indices": {
    "all": {
      "L1": {
        "N": 8,
        "Nall": 3,
        "GD": 0.678571428571429,
        "PIC": 0.51123046875,
        "PM": 0.40625,
        "PD": 0.59375
      },
      "L2": {
        "N": 8,
        "Nall": 3,
        "GD": 0.678571428571429,
        "PIC": 0.51123046875,
        "PM": 0.40625,
        "PD": 0.59375
      },
      "L3": {
        "N": 8,
        "Nall": 3,
        "GD": 0.678571428571429,
        "PIC": 0.51123046875,
        "PM": 0.40625,
        "PD": 0.59375
      }
    },
    "A": {
      "L1": {
        "N": 8,
        "Nall": 3,
        "GD": 0.678571428571429,
        "PIC": 0.51123046875,
        "PM": 0.40625,
        "PD": 0.59375
      },
      "L2": {
        "N": 8,
        "Nall": 3,
        "GD": 0.678571428571429,
        "PIC": 0.51123046875,
        "PM": 0.40625,
        "PD": 0.59375
      },
      "L3": {
        "N": 8,
        "Nall": 3,
        "GD": 0.678571428571429,
        "PIC": 0.51123046875,
        "PM": 0.40625,
        "PD": 0.59375
      }
    }
  },
  "freqs": {
    "all": {
      "L1": {
        "N": 8,
        "freq": {
          "90": 0.5,
          "100": 0.125,
          "930": 0.375
        }
      },
      "L2": {
        "N": 8,
        "freq": {
          "140": 0.5,
          "150": 0.375,
          "160": 0.125
        }
      },
      "L3": {
        "N": 8,
        "freq": {
          "220": 0.5,
          "230": 0.375,
          "240": 0.125
        }
      }
    },
    "A": {
      "L1": {
        "N": 8,
        "freq": {
          "90": 0.5,
          "100": 0.125,
          "930": 0.375
        }
      },
      "L2": {
        "N": 8,
        "freq": {
          "140": 0.5,
          "150": 0.375,
          "160": 0.125
        }
      },
      "L3": {
        "N": 8,
        "freq": {
          "220": 0.5,
          "230": 0.375,
          "240": 0.125
        }
      }
    }
  },
  "pca": {
    "nInd": 8,
    "nCols": 9,
    "sdev": [1.90484518543124, 1.55892192241633, 1.51108578830396, 0.595788129007085, 0.550439374562936, 2.24145087691416e-16, 1.2421353129788e-16, 6.9772943711159e-17],
    "eigenvalues": [3.62843518046059, 2.43023756019023, 2.28338025961419, 0.354963494665763, 0.302983505069236, 5.02410203361924e-32, 1.54290013574894e-32, 4.86826367412057e-33],
    "variance": [0.40316, 0.27003, 0.25371, 0.03944, 0.03366, 0, 0, 0],
    "cumulative": [0.40316, 0.67319, 0.92689, 0.96634, 1, 1, 1, 1],
    "pairDist": [
      [0, 2.68948570052591, 3.80350715349224, 2.68948570052591, 3.80350715349224, 4.79583152331272, 2.68948570052591, 5.09574986303946],
      [2.68948570052591, 0, 4.65832587954085, 0, 4.65832587954085, 4.82009681783814, 3.80350715349224, 4.32820209016785],
      [3.80350715349224, 4.65832587954085, 0, 4.65832587954085, 0, 5.51966182538991, 2.68948570052591, 4.35507366948788],
      [2.68948570052591, 0, 4.65832587954085, 0, 4.65832587954085, 4.82009681783814, 3.80350715349224, 4.32820209016785],
      [3.80350715349224, 4.65832587954085, 0, 4.65832587954085, 0, 5.51966182538991, 2.68948570052591, 4.35507366948788],
      [4.79583152331272, 4.82009681783814, 5.51966182538991, 4.82009681783814, 5.51966182538991, 0, 5.49848463972878, 5.91326193117358],
      [2.68948570052591, 3.80350715349224, 2.68948570052591, 3.80350715349224, 2.68948570052591, 5.49848463972878, 0, 5.11859355682789],
      [5.09574986303946, 4.32820209016785, 4.35507366948788, 4.32820209016785, 4.35507366948788, 5.91326193117358, 5.11859355682789, 0]
    ],
    "individuals": ["H1", "H2", "H3", "H4", "H5", "H6", "H7", "H8"]
  },
  "haplotype": {
    "all": {
      "n": 8,
      "nLoci": 3,
      "haplotypes": [
        {
          "id": "H1",
          "haplotype": "090|140|220",
          "count": 1,
          "frequency": 0.125
        },
        {
          "id": "H2",
          "haplotype": "090|150|220",
          "count": 1,
          "frequency": 0.125
        },
        {
          "id": "H3",
          "haplotype": "090|150|230",
          "count": 2,
          "frequency": 0.25
        },
        {
          "id": "H4",
          "haplotype": "100|140|240",
          "count": 1,
          "frequency": 0.125
        },
        {
          "id": "H5",
          "haplotype": "930|140|220",
          "count": 2,
          "frequency": 0.25
        },
        {
          "id": "H6",
          "haplotype": "930|160|230",
          "count": 1,
          "frequency": 0.125
        }
      ],
      "sumP2": 0.1875,
      "h_div_R": 0.214285714285714,
      "diversity_TSlike": 0.928571428571428,
      "d_mat": [
        [0, 1, 2, 3, 2, 4],
        [1, 0, 1, 4, 3, 4],
        [2, 1, 0, 4, 4, 3],
        [3, 4, 4, 0, 3, 4],
        [2, 3, 4, 3, 0, 2],
        [4, 4, 3, 4, 2, 0]
      ]
    },
    "A": {
      "n": 8,
      "nLoci": 3,
      "haplotypes": [
        {
          "id": "H1",
          "haplotype": "090|140|220",
          "count": 1,
          "frequency": 0.125
        },
        {
          "id": "H2",
          "haplotype": "090|150|220",
          "count": 1,
          "frequency": 0.125
        },
        {
          "id": "H3",
          "haplotype": "090|150|230",
          "count": 2,
          "frequency": 0.25
        },
        {
          "id": "H4",
          "haplotype": "100|140|240",
          "count": 1,
          "frequency": 0.125
        },
        {
          "id": "H5",
          "haplotype": "930|140|220",
          "count": 2,
          "frequency": 0.25
        },
        {
          "id": "H6",
          "haplotype": "930|160|230",
          "count": 1,
          "frequency": 0.125
        }
      ],
      "sumP2": 0.1875,
      "h_div_R": 0.214285714285714,
      "diversity_TSlike": 0.928571428571428,
      "d_mat": [
        [0, 1, 2, 3, 2, 4],
        [1, 0, 1, 4, 3, 4],
        [2, 1, 0, 4, 4, 3],
        [3, 4, 4, 0, 3, 4],
        [2, 3, 4, 3, 0, 2],
        [4, 4, 3, 4, 2, 0]
      ]
    }
  },
  "conversions": {
    "genepop": "STRAF-generated GENEPOP input file. \nL1 \nL2 \nL3 \nPop \nH1\t,\t900\t140\t220 \nH2\t,\t930\t140\t220 \nH3\t,\t900\t150\t230 \nH4\t,\t930\t140\t220 \nH5\t,\t900\t150\t230 \nH6\t,\t100\t140\t240 \nH7\t,\t900\t150\t220 \nH8\t,\t930\t160\t230 ",
    "euroformix": {
      "all": "Allele,L1,L2,L3\n90,0.5,,\n100,0.125,,\n140,,0.5,\n150,,0.375,\n160,,0.125,\n220,,,0.5\n230,,,0.375\n240,,,0.125\n930,0.375,,",
      "A": "Allele,L1,L2,L3\n90,0.5,,\n100,0.125,,\n140,,0.5,\n150,,0.375,\n160,,0.125,\n220,,,0.5\n230,,,0.375\n240,,,0.125\n930,0.375,,"
    },
    "strmix": {
      "all": "Allele,L1,L2,L3\n90,0.5,0,0\n100,0.125,0,0\n140,0,0.5,0\n150,0,0.375,0\n160,0,0.125,0\n220,0,0,0.5\n230,0,0,0.375\n240,0,0,0.125\n930,0.375,0,0\nN,8,8,8",
      "A": "Allele,L1,L2,L3\n90,0.5,0,0\n100,0.125,0,0\n140,0,0.5,0\n150,0,0.375,0\n160,0,0.125,0\n220,0,0,0.5\n230,0,0,0.375\n240,0,0,0.125\n930,0.375,0,0\nN,8,8,8"
    },
    "lrmix": {
      "all": "Allele,L1,L2,L3\n90,0.5,,\n100,0.125,,\n140,,0.5,\n150,,0.375,\n160,,0.125,\n220,,,0.5\n230,,,0.375\n240,,,0.125\n930,0.375,,",
      "A": "Allele,L1,L2,L3\n90,0.5,,\n100,0.125,,\n140,,0.5,\n150,,0.375,\n160,,0.125,\n220,,,0.5\n230,,,0.375\n240,,,0.125\n930,0.375,,"
    }
  }
}
