{
  "dataset": "multi_pop_haploid",
  "ploidy": 1,
  "nInd": 17,
  "pops": ["A", "B"],
  "indices": {
    "all": {
      "L1": {
        "N": 17,
        "Nall": 4,
        "GD": 0.720588235294118,
        "PIC": 0.619293351372709,
        "PM": 0.321799307958477,
        "PD": 0.678200692041522,
        "Fst": 0.592173017507724,
        "Ht": 0.7043,
        "Fis": null
      },
      "L2": {
        "N": 17,
        "Nall": 4,
        "GD": 0.720588235294118,
        "PIC": 0.619293351372709,
        "PM": 0.321799307958477,
        "PD": 0.678200692041522,
        "Fst": 0.592173017507724,
        "Ht": 0.7043,
        "Fis": null
      },
      "L3": {
        "N": 17,
        "Nall": 4,
        "GD": 0.683823529411765,
        "PIC": 0.574274733300607,
        "PM": 0.356401384083045,
        "PD": 0.643598615916955,
        "Fst": 0.677088672475653,
        "Ht": 0.66,
        "Fis": null
      },
      "L4": {
        "N": 17,
        "Nall": 4,
        "GD": 0.639705882352941,
        "PIC": 0.521545479579986,
        "PM": 0.397923875432526,
        "PD": 0.602076124567474,
        "Fst": 0.626403538618578,
        "Ht": 0.6184,
        "Fis": null
      },
      "L5": {
        "N": 17,
        "Nall": 4,
        "GD": 0.742647058823529,
        "PIC": 0.645729816453347,
        "PM": 0.301038062283737,
        "PD": 0.698961937716263,
        "Fst": 0.540844779510482,
        "Ht": 0.7309,
        "Fis": null
      }
    },
    "A": {
      "L1": {
        "N": 9,
        "Nall": 2,
        "GD": 0.388888888888889,
        "PIC": 0.285932022557537,
        "PM": 0.654320987654321,
        "PD": 0.345679012345679
      },
      "L2": {
        "N": 9,
        "Nall": 2,
        "GD": 0.388888888888889,
        "PIC": 0.285932022557537,
        "PM": 0.654320987654321,
        "PD": 0.345679012345679
      },
      "L3": {
        "N": 9,
        "Nall": 2,
        "GD": 0.388888888888889,
        "PIC": 0.285932022557537,
        "PM": 0.654320987654321,
        "PD": 0.345679012345679
      },
      "L4": {
        "N": 9,
        "Nall": 3,
        "GD": 0.416666666666667,
        "PIC": 0.340192043895748,
        "PM": 0.62962962962963,
        "PD": 0.37037037037037
      },
      "L5": {
        "N": 9,
        "Nall": 2,
        "GD": 0.388888888888889,
        "PIC": 0.285932022557537,
        "PM": 0.654320987654321,
        "PD": 0.345679012345679
      }
    },
    "B": {
      "L1": {
        "N": 8,
        "Nall": 2,
        "GD": 0.428571428571429,
        "PIC": 0.3046875,
        "PM": 0.625,
        "PD": 0.375
      },
      "L2": {
        "N": 8,
        "Nall": 2,
        "GD": 0.428571428571429,
        "PIC": 0.3046875,
        "PM": 0.625,
        "PD": 0.375
      },
      "L3": {
        "N": 8,
        "Nall": 2,
        "GD": 0.25,
        "PIC": 0.19482421875,
        "PM": 0.78125,
        "PD": 0.21875
      },
      "L4": {
        "N": 8,
        "Nall": 2,
        "GD": 0.25,
        "PIC": 0.19482421875,
        "PM": 0.78125,
        "PD": 0.21875
      },
      "L5": {
        "N": 8,
        "Nall": 2,
        "GD": 0.535714285714286,
        "PIC": 0.35888671875,
        "PM": 0.53125,
        "PD": 0.46875
      }
    }
  },
  "freqs": {
    "all": {
      "L1": {
        "N": 17,
        "freq": {
          "10": 0.411764705882353,
          "11": 0.117647058823529,
          "13": 0.352941176470588,
          "14": 0.117647058823529
        }
      },
      "L2": {
        "N": 17,
        "freq": {
          "12": 0.411764705882353,
          "13": 0.117647058823529,
          "14": 0.352941176470588,
          "15": 0.117647058823529
        }
      },
      "L3": {
        "N": 17,
        "freq": {
          "15": 0.411764705882353,
          "16": 0.117647058823529,
          "17": 0.411764705882353,
          "18": 0.0588235294117647
        }
      },
      "L4": {
        "N": 17,
        "freq": {
          "20": 0.411764705882353,
          "21": 0.0588235294117647,
          "22": 0.470588235294118,
          "23": 0.0588235294117647
        }
      },
      "L5": {
        "N": 17,
        "freq": {
          "30": 0.411764705882353,
          "31": 0.117647058823529,
          "32": 0.294117647058824,
          "33": 0.176470588235294
        }
      }
    },
    "A": {
      "L1": {
        "N": 9,
        "freq": {
          "10": 0.777777777777778,
          "11": 0.222222222222222,
          "13": 0,
          "14": 0
        }
      },
      "L2": {
        "N": 9,
        "freq": {
          "12": 0.777777777777778,
          "13": 0.222222222222222,
          "14": 0,
          "15": 0
        }
      },
      "L3": {
        "N": 9,
        "freq": {
          "15": 0.777777777777778,
          "16": 0.222222222222222,
          "17": 0,
          "18": 0
        }
      },
      "L4": {
        "N": 9,
        "freq": {
          "20": 0.777777777777778,
          "21": 0.111111111111111,
          "22": 0.111111111111111,
          "23": 0
        }
      },
      "L5": {
        "N": 9,
        "freq": {
          "30": 0.777777777777778,
          "31": 0.222222222222222,
          "32": 0,
          "33": 0
        }
      }
    },
    "B": {
      "L1": {
        "N": 8,
        "freq": {
          "10": 0,
          "11": 0,
          "13": 0.75,
          "14": 0.25
        }
      },
      "L2": {
        "N": 8,
        "freq": {
          "12": 0,
          "13": 0,
          "14": 0.75,
          "15": 0.25
        }
      },
      "L3": {
        "N": 8,
        "freq": {
          "15": 0,
          "16": 0,
          "17": 0.875,
          "18": 0.125
        }
      },
      "L4": {
        "N": 8,
        "freq": {
          "20": 0,
          "21": 0,
          "22": 0.875,
          "23": 0.125
        }
      },
      "L5": {
        "N": 8,
        "freq": {
          "30": 0,
          "31": 0,
          "32": 0.625,
          "33": 0.375
        }
      }
    }
  },
  "pca": {
    "nInd": 17,
    "nCols": 20,
    "sdev": [2.77369259358258, 1.77314532727992, 1.43446962147921, 1.36233479598829, 1.08103805059326, 1.05725942427397, 0.908325938545667, 0.90787797871874, 0.899735410842437, 0.66825337277595, 0.238956652280828, 2.83405830512858e-16, 2.40823406619514e-16, 1.29871087447657e-16, 1.00948885847028e-16, 7.8138381986402e-17, 2.53876868971998e-17],
    "eigenvalues": [7.69337060369485, 3.14404435165461, 2.0577030949467, 1.85595609636045, 1.16864326683048, 1.11779749021612, 0.825056010634866, 0.824242424242424, 0.80952380952381, 0.446562570226433, 0.0571002816692605, 8.0318864768683e-32, 5.79959131758279e-32, 1.6866499354837e-32, 1.01906775537562e-32, 6.10560673945287e-33, 6.44534645990251e-34],
    "variance": [0.38467, 0.1572, 0.10289, 0.0928, 0.05843, 0.05589, 0.04125, 0.04121, 0.04048, 0.02233, 0.00286, 0, 0, 0, 0, 0, 0],
    "cumulative": [0.38467, 0.54187, 0.64476, 0.73755, 0.79599, 0.85188, 0.89313, 0.93434, 0.97482, 0.99714, 1, 1, 1, 1, 1, 1, 1],
    "pairDist": [
      [0, 0, 0, 2.10896962597997, 4.8371203635844, 2.10896962597997, 2.66512684665205, 7.45315681809124, 0, 6.1334124768303, 6.1334124768303, 6.07346046165629, 6.07283643678023, 6.07283643678023, 7.28947100652642, 6.75517327397936, 7.00204567080357],
      [0, 0, 0, 2.10896962597997, 4.8371203635844, 2.10896962597997, 2.66512684665205, 7.45315681809124, 0, 6.1334124768303, 6.1334124768303, 6.07346046165629, 6.07283643678023, 6.07283643678023, 7.28947100652642, 6.75517327397936, 7.00204567080357],
      [0, 0, 0, 2.10896962597997, 4.8371203635844, 2.10896962597997, 2.66512684665205, 7.45315681809124, 0, 6.1334124768303, 6.1334124768303, 6.07346046165629, 6.07283643678023, 6.07283643678023, 7.28947100652642, 6.75517327397936, 7.00204567080357],
      [2.10896962597997, 2.10896962597997, 2.10896962597997, 0, 5.02677665887517, 2.02256652554016e-14, 4.58104309353966, 6.22867696868356, 2.10896962597997, 5.97111294031918, 5.97111294031918, 5.94458499080347, 5.93024770653269, 5.93024770653269, 7.19013575660024, 6.76730824638084, 6.92718709039136],
      [4.8371203635844, 4.8371203635844, 4.8371203635844, 5.02677665887517, 0, 5.02677665887518, 4.49903556352712, 4.61671606489339, 4.8371203635844, 6.58408095866991, 6.58408095866991, 6.58915059203839, 6.56316208743535, 6.56316208743535, 7.73869914463923, 7.25362985062744, 7.51580924442863],
      [2.10896962597997, 2.10896962597997, 2.10896962597997, 2.02256652554016e-14, 5.02677665887518, 0, 4.58104309353966, 6.22867696868356, 2.10896962597997, 5.97111294031918, 5.97111294031918, 5.94458499080348, 5.93024770653268, 5.93024770653268, 7.19013575660025, 6.76730824638084, 6.92718709039136],
      [2.66512684665205, 2.66512684665205, 2.66512684665205, 4.58104309353966, 4.49903556352712, 4.58104309353966, 0, 8.32774005278271, 2.66512684665205, 6.5276448596094, 6.5276448596094, 6.38006068398219, 6.41535410517459, 6.41535410517459, 7.52019141271389, 7.05343546927632, 7.17070081214571],
      [7.45315681809124, 7.45315681809124, 7.45315681809124, 6.22867696868356, 4.61671606489339, 6.22867696868356, 8.32774005278271, 0, 7.45315681809124, 7.01364013662564, 7.01364013662564, 6.94777566442126, 6.95075431697111, 6.95075431697111, 8.02464388827651, 8.09944454876281, 7.75472732876906],
      [0, 0, 0, 2.10896962597997, 4.8371203635844, 2.10896962597997, 2.66512684665205, 7.45315681809124, 0, 6.1334124768303, 6.1334124768303, 6.07346046165629, 6.07283643678023, 6.07283643678023, 7.28947100652642, 6.75517327397936, 7.00204567080357],
      [6.1334124768303, 6.1334124768303, 6.1334124768303, 5.97111294031918, 6.58408095866991, 5.97111294031918, 6.5276448596094, 7.01364013662564, 6.1334124768303, 0, 0, 2.35209953525884, 2.25679285175835, 2.25679285175834, 5.23730345708443, 2.31942352147118, 5.41656110628143],
      [6.1334124768303, 6.1334124768303, 6.1334124768303, 5.97111294031918, 6.58408095866991, 5.97111294031918, 6.5276448596094, 7.01364013662564, 6.1334124768303, 0, 0, 2.35209953525884, 2.25679285175835, 2.25679285175834, 5.23730345708443, 2.31942352147118, 5.41656110628143],
      [6.07346046165629, 6.07346046165629, 6.07346046165629, 5.94458499080347, 6.58915059203839, 5.94458499080348, 6.38006068398219, 6.94777566442126, 6.07346046165629, 2.35209953525884, 2.35209953525884, 0, 2.98468309102485, 2.98468309102484, 3.1792386226285, 4.44785100739803, 4.51358570351669],
      [6.07283643678023, 6.07283643678023, 6.07283643678023, 5.93024770653269, 6.56316208743535, 5.93024770653268, 6.41535410517459, 6.95075431697111, 6.07283643678023, 2.25679285175835, 2.25679285175835, 2.98468309102485, 0, 7.52089037911572e-15, 6.12992176146196, 4.13115128819465, 3.51320925154982],
      [6.07283643678023, 6.07283643678023, 6.07283643678023, 5.93024770653269, 6.56316208743535, 5.93024770653268, 6.41535410517459, 6.95075431697111, 6.07283643678023, 2.25679285175834, 2.25679285175834, 2.98468309102484, 7.52089037911572e-15, 0, 6.12992176146195, 4.13115128819465, 3.51320925154982],
      [7.28947100652642, 7.28947100652642, 7.28947100652642, 7.19013575660024, 7.73869914463923, 7.19013575660025, 7.52019141271389, 8.02464388827651, 7.28947100652642, 5.23730345708443, 5.23730345708443, 3.1792386226285, 6.12992176146196, 6.12992176146195, 0, 6.81993854392292, 6.63485334144969],
      [6.75517327397936, 6.75517327397936, 6.75517327397936, 6.76730824638084, 7.25362985062744, 6.76730824638084, 7.05343546927632, 8.09944454876281, 6.75517327397936, 2.31942352147118, 2.31942352147118, 4.44785100739803, 4.13115128819465, 4.13115128819465, 6.81993854392292, 0, 7.53507024617751],
      [7.00204567080357, 7.00204567080357, 7.00204567080357, 6.92718709039136, 7.51580924442863, 6.92718709039136, 7.17070081214571, 7.75472732876906, 7.00204567080357, 5.41656110628143, 5.41656110628143, 4.51358570351669, 3.51320925154982, 3.51320925154982, 6.63485334144969, 7.53507024617751, 0]
    ],
    "individuals": ["A1", "A2", "A3", "A4", "A5", "A6", "A7", "A8", "A9", "B1", "B2", "B3", "B4", "B5", "B6", "B7", "B8"]
  },
  "haplotype": {
    "all": {
      "n": 17,
      "nLoci": 5,
      "haplotypes": [
        {
          "id": "H01",
          "haplotype": "10|12|15|20|30",
          "count": 4,
          "frequency": 0.235294117647059
        },
        {
          "id": "H02",
          "haplotype": "10|12|15|21|30",
          "count": 1,
          "frequency": 0.0588235294117647
        },
        {
          "id": "H03",
          "haplotype": "10|12|16|20|30",
          "count": 1,
          "frequency": 0.0588235294117647
        },
        {
          "id": "H04",
          "haplotype": "10|13|15|20|31",
          "count": 1,
          "frequency": 0.0588235294117647
        },
        {
          "id": "H05",
          "haplotype": "11|12|15|20|30",
          "count": 1,
          "frequency": 0.0588235294117647
        },
        {
          "id": "H06",
          "haplotype": "11|13|16|22|31",
          "count": 1,
          "frequency": 0.0588235294117647
        },
        {
          "id": "H07",
          "haplotype": "13|14|17|22|32",
          "count": 2,
          "frequency": 0.117647058823529
        },
        {
          "id": "H08",
          "haplotype": "13|14|17|22|33",
          "count": 1,
          "frequency": 0.0588235294117647
        },
        {
          "id": "H09",
          "haplotype": "13|14|17|23|32",
          "count": 1,
          "frequency": 0.0588235294117647
        },
        {
          "id": "H10",
          "haplotype": "13|14|18|22|33",
          "count": 1,
          "frequency": 0.0588235294117647
        },
        {
          "id": "H11",
          "haplotype": "13|15|17|22|32",
          "count": 1,
          "frequency": 0.0588235294117647
        },
        {
          "id": "H12",
          "haplotype": "14|14|17|22|32",
          "count": 1,
          "frequency": 0.0588235294117647
        },
        {
          "id": "H13",
          "haplotype": "14|15|17|22|33",
          "count": 1,
          "frequency": 0.0588235294117647
        }
      ],
      "sumP2": 0.107266435986159,
      "h_div_R": 0.113970588235294,
      "diversity_TSlike": 0.948529411764706,
      "d_mat": [
        [0, 1, 1, 2, 1, 5, 5, 5, 5, 5, 5, 5, 5],
        [1, 0, 2, 3, 2, 5, 5, 5, 5, 5, 5, 5, 5],
        [1, 2, 0, 3, 2, 4, 5, 5, 5, 5, 5, 5, 5],
        [2, 3, 3, 0, 3, 3, 5, 5, 5, 5, 5, 5, 5],
        [1, 2, 2, 3, 0, 4, 5, 5, 5, 5, 5, 5, 5],
        [5, 5, 4, 3, 4, 0, 4, 4, 5, 4, 4, 4, 4],
        [5, 5, 5, 5, 5, 4, 0, 1, 1, 2, 1, 1, 3],
        [5, 5, 5, 5, 5, 4, 1, 0, 2, 1, 2, 2, 2],
        [5, 5, 5, 5, 5, 5, 1, 2, 0, 3, 2, 2, 4],
        [5, 5, 5, 5, 5, 4, 2, 1, 3, 0, 3, 3, 3],
        [5, 5, 5, 5, 5, 4, 1, 2, 2, 3, 0, 2, 2],
        [5, 5, 5, 5, 5, 4, 1, 2, 2, 3, 2, 0, 2],
        [5, 5, 5, 5, 5, 4, 3, 2, 4, 3, 2, 2, 0]
      ]
    },
    "A": {
      "n": 9,
      "nLoci": 5,
      "haplotypes": [
        {
          "id": "H1",
          "haplotype": "10|12|15|20|30",
          "count": 4,
          "frequency": 0.444444444444444
        },
        {
          "id": "H2",
          "haplotype": "10|12|15|21|30",
          "count": 1,
          "frequency": 0.111111111111111
        },
        {
          "id": "H3",
          "haplotype": "10|12|16|20|30",
          "count": 1,
          "frequency": 0.111111111111111
        },
        {
          "id": "H4",
          "haplotype": "10|13|15|20|31",
          "count": 1,
          "frequency": 0.111111111111111
        },
        {
          "id": "H5",
          "haplotype": "11|12|15|20|30",
          "count": 1,
          "frequency": 0.111111111111111
        },
        {
          "id": "H6",
          "haplotype": "11|13|16|22|31",
          "count": 1,
          "frequency": 0.111111111111111
        }
      ],
      "sumP2": 0.259259259259259,
      "h_div_R": 0.291666666666667,
      "diversity_TSlike": 0.833333333333333,
      "d_mat": [
        [0, 1, 1, 2, 1, 5],
        [1, 0, 2, 3, 2, 5],
        [1, 2, 0, 3, 2, 4],
        [2, 3, 3, 0, 3, 3],
        [1, 2, 2, 3, 0, 4],
        [5, 5, 4, 3, 4, 0]
      ]
    },
    "B": {
      "n": 8,
      "nLoci": 5,
      "haplotypes": [
        {
          "id": "H1",
          "haplotype": "13|14|17|22|32",
          "count": 2,
          "frequency": 0.25
        },
        {
          "id": "H2",
          "haplotype": "13|14|17|22|33",
          "count": 1,
          "frequency": 0.125
        },
        {
          "id": "H3",
          "haplotype": "13|14|17|23|32",
          "count": 1,
          "frequency": 0.125
        },
        {
          "id": "H4",
          "haplotype": "13|14|18|22|33",
          "count": 1,
          "frequency": 0.125
        },
        {
          "id": "H5",
          "haplotype": "13|15|17|22|32",
          "count": 1,
          "frequency": 0.125
        },
        {
          "id": "H6",
          "haplotype": "14|14|17|22|32",
          "count": 1,
          "frequency": 0.125
        },
        {
          "id": "H7",
          "haplotype": "14|15|17|22|33",
          "count": 1,
          "frequency": 0.125
        }
      ],
      "sumP2": 0.15625,
      "h_div_R": 0.178571428571429,
      "diversity_TSlike": 0.964285714285714,
      "d_mat": [
        [0, 1, 1, 2, 1, 1, 3],
        [1, 0, 2, 1, 2, 2, 2],
        [1, 2, 0, 3, 2, 2, 4],
        [2, 1, 3, 0, 3, 3, 3],
        [1, 2, 2, 3, 0, 2, 2],
        [1, 2, 2, 3, 2, 0, 2],
        [3, 2, 4, 3, 2, 2, 0]
      ]
    }
  }
}
