{
  "dataset": "multi_pop_diploid",
  "ploidy": 2,
  "nInd": 27,
  "pops": ["A", "B", "C"],
  "indices": {
    "all": {
      "L1": {
        "N": 54,
        "Nall": 6,
        "GD": 0.839273235499651,
        "PIC": 0.798913472991358,
        "PM": 0.0672153635116598,
        "PD": 0.93278463648834,
        "Hobs": 0.777777777777778,
        "PE": 0.558468390658606,
        "TPI": 2.25,
        "Fst": 0.134189759478826,
        "Ht": 0.8365,
        "Fis": -0.0328
      },
      "L2": {
        "N": 54,
        "Nall": 5,
        "GD": 0.779874213836478,
        "PIC": 0.724324995625102,
        "PM": 0.108367626886145,
        "PD": 0.891632373113855,
        "Hobs": 0.703703703703704,
        "PE": 0.434012918196487,
        "TPI": 1.6875,
        "Fst": 0.161092540543747,
        "Ht": 0.7769,
        "Fis": -0.0358
      },
      "L3": {
        "N": 54,
        "Nall": 5,
        "GD": 0.798043326345213,
        "PIC": 0.748249100088251,
        "PM": 0.119341563786008,
        "PD": 0.880658436213992,
        "Hobs": 0.888888888888889,
        "PE": 0.772781926874291,
        "TPI": 4.5,
        "Fst": 0.126386054971333,
        "Ht": 0.7928,
        "Fis": -0.2313
      },
      "L4": {
        "N": 54,
        "Nall": 5,
        "GD": 0.786163522012579,
        "PIC": 0.734712555109598,
        "PM": 0.0946502057613169,
        "PD": 0.905349794238683,
        "Hobs": 0.703703703703704,
        "PE": 0.434012918196487,
        "TPI": 1.6875,
        "Fst": 0.228133317237123,
        "Ht": 0.7829,
        "Fis": -0.0986
      }
    },
    "A": {
      "L1": {
        "N": 20,
        "Nall": 4,
        "GD": 0.742105263157895,
        "PIC": 0.6514875,
        "PM": 0.16,
        "PD": 0.84,
        "Hobs": 0.7,
        "PE": 0.42826,
        "TPI": 1.66666666666667
      },
      "L2": {
        "N": 20,
        "Nall": 3,
        "GD": 0.673684210526316,
        "PIC": 0.5632,
        "PM": 0.2,
        "PD": 0.8,
        "Hobs": 0.6,
        "PE": 0.29088,
        "TPI": 1.25
      },
      "L3": {
        "N": 20,
        "Nall": 4,
        "GD": 0.721052631578947,
        "PIC": 0.6233875,
        "PM": 0.24,
        "PD": 0.76,
        "Hobs": 0.8,
        "PE": 0.59904,
        "TPI": 2.5
      },
      "L4": {
        "N": 20,
        "Nall": 3,
        "GD": 0.568421052631579,
        "PIC": 0.4662,
        "PM": 0.28,
        "PD": 0.72,
        "Hobs": 0.4,
        "PE": 0.11392,
        "TPI": 0.833333333333333
      }
    },
    "B": {
      "L1": {
        "N": 18,
        "Nall": 3,
        "GD": 0.679738562091503,
        "PIC": 0.567596402987349,
        "PM": 0.209876543209877,
        "PD": 0.790123456790123,
        "Hobs": 0.666666666666667,
        "PE": 0.378600823045267,
        "TPI": 1.5
      },
      "L2": {
        "N": 18,
        "Nall": 3,
        "GD": 0.620915032679738,
        "PIC": 0.500895442767871,
        "PM": 0.259259259259259,
        "PD": 0.740740740740741,
        "Hobs": 0.555555555555556,
        "PE": 0.240901624074921,
        "TPI": 1.125
      },
      "L3": {
        "N": 18,
        "Nall": 3,
        "GD": 0.660130718954248,
        "PIC": 0.552564395671391,
        "PM": 0.333333333333333,
        "PD": 0.666666666666667,
        "Hobs": 0.888888888888889,
        "PE": 0.772781926874291,
        "TPI": 4.5
      },
      "L4": {
        "N": 18,
        "Nall": 3,
        "GD": 0.660130718954248,
        "PIC": 0.552564395671391,
        "PM": 0.259259259259259,
        "PD": 0.740740740740741,
        "Hobs": 0.777777777777778,
        "PE": 0.558468390658606,
        "TPI": 2.25
      }
    },
    "C": {
      "L1": {
        "N": 16,
        "Nall": 6,
        "GD": 0.875,
        "PIC": 0.795135498046875,
        "PM": 0.15625,
        "PD": 0.84375,
        "Hobs": 1,
        "PE": 1,
        "TPI": null
      },
      "L2": {
        "N": 16,
        "Nall": 4,
        "GD": 0.791666666666667,
        "PIC": 0.694305419921875,
        "PM": 0.40625,
        "PD": 0.59375,
        "Hobs": 1,
        "PE": 1,
        "TPI": null
      },
      "L3": {
        "N": 16,
        "Nall": 5,
        "GD": 0.833333333333333,
        "PIC": 0.74688720703125,
        "PM": 0.1875,
        "PD": 0.8125,
        "Hobs": 1,
        "PE": 1,
        "TPI": null
      },
      "L4": {
        "N": 16,
        "Nall": 4,
        "GD": 0.766666666666667,
        "PIC": 0.66748046875,
        "PM": 0.3125,
        "PD": 0.6875,
        "Hobs": 1,
        "PE": 1,
        "TPI": null
      }
    }
  },
  "freqs": {
    "all": {
      "L1": {
        "N": 54,
        "freq": {
          "10": 0.148148148148148,
          "11": 0.185185185185185,
          "12": 0.12962962962963,
          "13": 0.203703703703704,
          "14": 0.222222222222222,
          "15": 0.111111111111111
        }
      },
      "L2": {
        "N": 54,
        "freq": {
          "14": 0.222222222222222,
          "15": 0.222222222222222,
          "16": 0.259259259259259,
          "17": 0.259259259259259,
          "18": 0.037037037037037
        }
      },
      "L3": {
        "N": 54,
        "freq": {
          "20": 0.166666666666667,
          "21": 0.203703703703704,
          "22": 0.240740740740741,
          "23": 0.277777777777778,
          "24": 0.111111111111111
        }
      },
      "L4": {
        "N": 54,
        "freq": {
          "30": 0.296296296296296,
          "31": 0.185185185185185,
          "32": 0.12962962962963,
          "33": 0.277777777777778,
          "34": 0.111111111111111
        }
      }
    },
    "A": {
      "L1": {
        "N": 20,
        "freq": {
          "10": 0.25,
          "11": 0.4,
          "12": 0.25,
          "13": 0.1,
          "14": 0,
          "15": 0
        }
      },
      "L2": {
        "N": 20,
        "freq": {
          "14": 0.4,
          "15": 0.4,
          "16": 0.2,
          "17": 0,
          "18": 0
        }
      },
      "L3": {
        "N": 20,
        "freq": {
          "20": 0.3,
          "21": 0.4,
          "22": 0.25,
          "23": 0.05,
          "24": 0
        }
      },
      "L4": {
        "N": 20,
        "freq": {
          "30": 0.6,
          "31": 0.3,
          "32": 0.1,
          "33": 0,
          "34": 0
        }
      }
    },
    "B": {
      "L1": {
        "N": 18,
        "freq": {
          "10": 0,
          "11": 0,
          "12": 0,
          "13": 0.333333333333333,
          "14": 0.444444444444444,
          "15": 0.222222222222222
        }
      },
      "L2": {
        "N": 18,
        "freq": {
          "14": 0,
          "15": 0,
          "16": 0.388888888888889,
          "17": 0.5,
          "18": 0.111111111111111
        }
      },
      "L3": {
        "N": 18,
        "freq": {
          "20": 0,
          "21": 0,
          "22": 0.277777777777778,
          "23": 0.5,
          "24": 0.222222222222222
        }
      },
      "L4": {
        "N": 18,
        "freq": {
          "30": 0,
          "31": 0,
          "32": 0.277777777777778,
          "33": 0.5,
          "34": 0.222222222222222
        }
      }
    },
    "C": {
      "L1": {
        "N": 16,
        "freq": {
          "10": 0.1875,
          "11": 0.125,
          "12": 0.125,
          "13": 0.1875,
          "14": 0.25,
          "15": 0.125
        }
      },
      "L2": {
        "N": 16,
        "freq": {
          "14": 0.25,
          "15": 0.25,
          "16": 0.1875,
          "17": 0.3125,
          "18": 0
        }
      },
      "L3": {
        "N": 16,
        "freq": {
          "20": 0.1875,
          "21": 0.1875,
          "22": 0.1875,
          "23": 0.3125,
          "24": 0.125
        }
      },
      "L4": {
        "N": 16,
        "freq": {
          "30": 0.25,
          "31": 0.25,
          "32": 0,
          "33": 0.375,
          "34": 0.125
        }
      }
    }
  },
  "perLocusFstats": {
    "L1": {
      "Ho": 0.78888889,
      "Hs": 0.76381213,
      "Ht": 0.83647133,
      "Fis": -0.03283106,
      "Fst": 0.134189759478826
    },
    "L2": {
      "Ho": 0.71851852,
      "Hs": 0.69366866,
      "Ht": 0.7769019,
      "Fis": -0.03582382,
      "Fst": 0.161092540543747
    },
    "L3": {
      "Ho": 0.8962963,
      "Hs": 0.72791295,
      "Ht": 0.79279197,
      "Fis": -0.23132347,
      "Fst": 0.126386054971333
    },
    "L4": {
      "Ho": 0.72592593,
      "Hs": 0.66076739,
      "Ht": 0.78291012,
      "Fis": -0.0986104,
      "Fst": 0.228133317237123
    }
  },
  "pairwiseFst": {
    "populations": ["A", "B", "C"],
    "matrix": [
      [null, 0.293051547031623, 0.0719928968981478],
      [0.293051547031623, null, 0.0674881354691522],
      [0.0719928968981478, 0.0674881354691522, null]
    ]
  },
  "distances": {
    "nei": {
      "populations": ["A", "B", "C"],
      "matrix": [
        [0, 1.84502045544055, 0.365812872465675],
        [1.84502045544055, 0, 0.30425295324642],
        [0.365812872465675, 0.30425295324642, 0]
      ]
    },
    "edwards": {
      "populations": ["A", "B", "C"],
      "matrix": [
        [0, 0.858812472346428, 0.47601910405526],
        [0.858812472346428, 0, 0.546542760222124],
        [0.47601910405526, 0.546542760222124, 0]
      ]
    },
    "reynolds": {
      "populations": ["A", "B", "C"],
      "matrix": [
        [0, 0.574690146374166, 0.345053015604432],
        [0.574690146374166, 0, 0.334629994707707],
        [0.345053015604432, 0.334629994707707, 0]
      ]
    },
    "rogers": {
      "populations": ["A", "B", "C"],
      "matrix": [
        [0, 0.55589233005691, 0.305006124547485],
        [0.55589233005691, 0, 0.292817699679792],
        [0.305006124547485, 0.292817699679792, 0]
      ]
    },
    "provesti": {
      "populations": ["A", "B", "C"],
      "matrix": [
        [0, 0.825, 0.415625],
        [0.825, 0, 0.453125],
        [0.415625, 0.453125, 0]
      ]
    }
  },
  "pca": {
    "nInd": 27,
    "nCols": 21,
    "sdev": [2.35337631429303, 1.72443464031623, 1.64014814556479, 1.4349965553721, 1.32108676024216, 1.12874881343123, 1.0494539965585, 0.924002532122495, 0.836229920665165, 0.78910964868077, 0.650246630346507, 0.641145749143456, 0.542365461233515, 0.467577609690863, 0.214003307482454, 0.180429170906708, 0.13100104340191, 4.44649472998338e-16, 2.79040597421853e-16, 1.85465817379572e-16, 1.47875603068865e-16],
    "eigenvalues": [5.53838007667543, 2.97367482872257, 2.69008593939962, 2.0592151139298, 1.74527022808712, 1.27407388382241, 1.10135369089261, 0.853780679368783, 0.699280480215668, 0.622694037641089, 0.422820680276987, 0.411067871644723, 0.294160293539043, 0.218628821084221, 0.0457974156134298, 0.032554685714082, 0.0171612733723892, 1.97713153837699e-31, 7.78636550095449e-32, 3.43975694162729e-32, 2.18671939829806e-32],
    "variance": [0.26373, 0.1416, 0.1281, 0.09806, 0.08311, 0.06067, 0.05245, 0.04066, 0.0333, 0.02965, 0.02013, 0.01957, 0.01401, 0.01041, 0.00218, 0.00155, 0.00082, 0, 0, 0, 0],
    "cumulative": [0.26373, 0.40534, 0.53344, 0.63149, 0.7146, 0.77527, 0.82772, 0.86837, 0.90167, 0.93132, 0.95146, 0.97103, 0.98504, 0.99545, 0.99763, 0.99918, 1, 1, 1, 1, 1],
    "pairDist": [
      [0, 3.9803449832979, 4.08864180769601, 1.64432136226532, 6.28334248910108, 4.53304080217903, 2.38886364713306, 2.60620234416278, 3.84787172873189, 4.13910716153891, 6.49122478440415, 7.98487566197752, 7.26179684721621, 7.28401626894106, 6.94113526307795, 7.18111294527202, 7.60260754239517, 7.39981658128881, 7.85450018122809, 3.89641705332768, 4.66103521998862, 6.07104026980034, 5.45115765897891, 4.11164248149785, 6.70865355269644, 3.85631727507995, 5.20952456413849],
      [3.9803449832979, 0, 7.09317439097655, 3.94902253051627, 5.37867220084309, 2.6044387505876, 2.54162941501039, 5.75115954746399, 2.77051410857719, 5.80051613003704, 6.53199464807849, 8.33910688040104, 6.94794230151207, 7.49103974194152, 6.65932858027575, 7.1574207651944, 7.66697806044431, 7.14719269985047, 7.17465949073696, 4.14986291147554, 6.20596589379204, 4.59677580445455, 5.72510272515146, 5.13039556592011, 5.3632306784693, 3.97228523829684, 6.62018749459459],
      [4.08864180769601, 7.09317439097655, 0, 4.6887776039573, 5.92440584980203, 6.9927116437626, 4.64057114801324, 2.0535134236238, 5.92405288973247, 2.82953756416022, 7.03069742347702, 8.41121824790102, 7.86482006910344, 8.05700210640076, 7.76569604356487, 7.70195225705219, 8.06958330720979, 8.11238037209753, 8.39302263262409, 6.8079818450918, 4.0348232028457, 7.21943583403493, 7.12304224245432, 4.3866486690081, 7.25841824059592, 6.70612198114406, 5.0378972163252],
      [1.64432136226532, 3.94902253051627, 4.6887776039573, 0, 6.34227376645303, 4.10976725482438, 2.56074838456705, 3.06693582369275, 3.13490486411883, 4.70040019317696, 5.15589925315503, 7.00302621674186, 6.14572435535356, 6.31686965495987, 5.70559127205784, 6.16430012342412, 6.23144352273922, 6.47955991295515, 6.66784972135854, 2.54300658020796, 4.07899116389361, 5.33839583208587, 5.13919407398633, 3.51618560298716, 6.24471231231228, 2.59097261055264, 4.60405296642501],
      [6.28334248910108, 5.37867220084309, 5.92440584980203, 6.34227376645303, 0, 5.15763279103415, 4.36230110975676, 5.70721138551859, 4.68038206473109, 3.8622100489331, 6.01471252627945, 7.89798782233285, 6.33192007049954, 7.1514782865947, 6.37431019750543, 6.3577794143544, 7.42506289422366, 6.37899152837566, 6.39281736501196, 7.01411635067297, 4.85228427869185, 4.23201321978374, 6.65051600821394, 4.62449526732042, 3.14928992302056, 6.76765824646295, 5.61623385545639],
      [4.53304080217903, 2.6044387505876, 6.9927116437626, 4.10976725482438, 5.15763279103415, 0, 3.22321990913387, 5.485232760611, 2.45665306436932, 5.73624399411796, 5.35535682563464, 6.18251205479609, 7.08270248978043, 6.37480439212074, 6.52624276988686, 5.47979066282924, 7.36845757424354, 6.11394592591471, 7.10634996259573, 4.17977980612995, 5.8499801054487, 2.65292260806274, 6.33127995460853, 3.66031171059675, 5.34963069290417, 3.20422366967017, 6.23801061928777],
      [2.38886364713306, 2.54162941501039, 4.64057114801324, 2.56074838456705, 4.36230110975676, 3.22321990913387, 0, 3.56247311285973, 2.05685891197329, 3.83390893979773, 5.62427730610257, 7.71713836662957, 6.25945416209738, 7.05933717880114, 6.04897605742401, 6.58975919963174, 6.7145641798543, 6.81261905978307, 6.53941734709321, 4.04772767948058, 4.39426582633815, 4.43628626740673, 5.53870404664896, 3.48383402601365, 5.05256832995242, 3.89656225933605, 5.21189616715736],
      [2.60620234416278, 5.75115954746399, 2.0535134236238, 3.06693582369275, 5.70721138551859, 5.485232760611, 3.56247311285973, 0, 4.80045553930932, 2.58526039959059, 5.99328143906921, 7.0539902961902, 7.15113945711837, 6.59422235687347, 6.83588793778675, 6.35691923345535, 7.48621420268769, 6.76170923423075, 7.7983776055662, 5.06458664436549, 3.30163037619824, 6.04853749685423, 5.71294959591563, 3.19384711088824, 6.4771621956129, 4.85375888550639, 3.99749748662855],
      [3.84787172873189, 2.77051410857719, 5.92405288973247, 3.13490486411883, 4.68038206473109, 2.45665306436932, 2.05685891197329, 4.80045553930932, 0, 5.22591885432571, 4.47789211788265, 6.88050860841762, 5.68728184428225, 6.71430486705241, 5.34225490218403, 5.86524676073066, 5.60971295681125, 6.41000358587152, 5.54256378008028, 3.7395358810658, 4.80847472275592, 3.18548913402578, 6.27400929785667, 3.23745187568011, 4.95357425427674, 3.35065068730026, 5.64080654547647],
      [4.13910716153891, 5.80051613003704, 2.82953756416022, 4.70040019317696, 3.8622100489331, 5.73624399411796, 3.83390893979773, 2.58526039959059, 5.22591885432571, 0, 6.36008250119741, 7.60065504479405, 6.90325311863874, 6.60571826911713, 6.78684747107759, 6.39220243754435, 7.92024120147532, 6.39220918151421, 7.59163746124427, 6.14475401544876, 3.24423193749252, 5.79968333529348, 5.37846853592127, 3.85288642496509, 5.05020775519528, 6.0100507594106, 3.8887207719215],
      [6.49122478440415, 6.53199464807849, 7.03069742347702, 5.15589925315503, 6.01471252627945, 5.35535682563464, 5.62427730610257, 5.99328143906921, 4.47789211788265, 6.36008250119741, 0, 4.41461166649525, 3.65442481148354, 4.03567286972736, 2.87275035226735, 3.02846365478701, 3.20204301235755, 3.84664087920654, 3.53664905691356, 4.414084726066, 3.7956610188178, 3.84383564783137, 6.23802007249652, 3.7259985290407, 4.81529423727843, 4.27653910705773, 4.14304921738789],
      [7.98487566197752, 8.33910688040104, 8.41121824790102, 7.00302621674186, 7.89798782233285, 6.18251205479609, 7.71713836662957, 7.0539902961902, 6.88050860841762, 7.60065504479405, 4.41461166649525, 0, 7.66119591906627, 3.91653787619781, 6.7499411481929, 2.40628964171015, 7.48753565650374, 4.34342920903589, 7.81289552515477, 6.3887429383077, 6.09143756124106, 4.9281045067939, 7.78979033888252, 4.71200384525216, 7.24748545485404, 5.46605954531214, 5.82081820432127],
      [7.26179684721621, 6.94794230151207, 7.86482006910344, 6.14572435535356, 6.33192007049954, 7.08270248978043, 6.25945416209738, 7.15113945711837, 5.68728184428225, 6.90325311863874, 3.65442481148354, 7.66119591906627, 0, 5.38080627003524, 1.03906321613008, 5.5945636666177, 2.83359449890517, 4.86130976354385, 1.67138627106586, 5.15790589419042, 4.30087514134843, 6.05184756794125, 5.38753780266922, 6.12850546371261, 4.14396477623428, 5.91951865875204, 4.47919366150214],
      [7.28401626894106, 7.49103974194152, 8.05700210640076, 6.31686965495987, 7.1514782865947, 6.37480439212074, 7.05933717880114, 6.59422235687347, 6.71430486705241, 6.60571826911713, 4.03567286972736, 3.91653787619781, 5.38080627003524, 0, 4.53326565018791, 2.10108551509132, 6.53340646850576, 1.17842436461394, 6.26489152985631, 5.01688827024724, 4.56289416609168, 5.44838190716369, 4.60377891839077, 5.27376691393041, 5.23671377917201, 4.9045597400443, 3.52329873508615],
      [6.94113526307795, 6.65932858027575, 7.76569604356487, 5.70559127205784, 6.37431019750543, 6.52624276988686, 6.04897605742401, 6.83588793778675, 5.34225490218403, 6.78684747107759, 2.87275035226735, 6.7499411481929, 1.03906321613008, 4.53326565018791, 0, 4.72932056774068, 2.76664503452649, 4.10128516878548, 2.03667165993341, 4.48799031274762, 4.04688996833916, 5.49228491416508, 5.08465054050108, 5.5893030004831, 4.14481420338326, 5.15718278915175, 4.08173869163944],
      [7.18111294527202, 7.1574207651944, 7.70195225705219, 6.16430012342412, 6.3577794143544, 5.47979066282924, 6.58975919963174, 6.35691923345535, 5.86524676073066, 6.39220243754435, 3.02846365478701, 2.40628964171015, 5.5945636666177, 2.10108551509132, 4.72932056774068, 0, 6.10129125423538, 2.09973024355809, 5.95843400896939, 5.24658864027184, 4.53745964332735, 3.97519182078973, 5.90885190453606, 4.1370573528737, 5.06883301055377, 4.6995297141987, 4.11215023667925],
      [7.60260754239517, 7.66697806044431, 8.06958330720979, 6.23144352273922, 7.42506289422366, 7.36845757424354, 6.7145641798543, 7.48621420268769, 5.60971295681125, 7.92024120147532, 3.20204301235755, 7.48753565650374, 2.83359449890517, 6.53340646850576, 2.76664503452649, 6.10129125423538, 0, 6.28714885099847, 2.07930279172304, 5.56811967744905, 5.16595703791607, 6.24134436910485, 7.45212895964309, 6.03732205369506, 6.09957313300703, 6.07182103642996, 5.77713665624853],
      [7.39981658128881, 7.14719269985047, 8.11238037209753, 6.47955991295515, 6.37899152837566, 6.11394592591471, 6.81261905978307, 6.76170923423075, 6.41000358587152, 6.39220918151421, 3.84664087920654, 4.34342920903589, 4.86130976354385, 1.17842436461394, 4.10128516878548, 2.09973024355809, 6.28714885099847, 0, 5.67717184924463, 5.19894303539865, 4.47059673431016, 4.92678507238443, 4.51504183488678, 5.2373035887735, 4.25253869739979, 5.11991010167797, 3.58148226467889],
      [7.85450018122809, 7.17465949073696, 8.39302263262409, 6.66784972135854, 6.39281736501196, 7.10634996259573, 6.53941734709321, 7.7983776055662, 5.54256378008028, 7.59163746124427, 3.53664905691356, 7.81289552515477, 1.67138627106586, 6.26489152985631, 2.03667165993341, 5.95843400896939, 2.07930279172304, 5.67717184924463, 0, 5.8093638199453, 5.14152415786467, 5.78547519830988, 6.79035609824917, 6.27762939598398, 4.60761851980849, 6.35620400515047, 5.62381082160836],
      [3.89641705332768, 4.14986291147554, 6.8079818450918, 2.54300658020796, 7.01411635067297, 4.17977980612995, 4.04772767948058, 5.06458664436549, 3.7395358810658, 6.14475401544876, 4.414084726066, 6.3887429383077, 5.15790589419042, 5.01688827024724, 4.48799031274762, 5.24658864027184, 5.56811967744905, 5.19894303539865, 5.8093638199453, 0, 4.61927776134249, 5.11984911630999, 4.2490919266759, 4.49572838198075, 5.77632613725902, 1.43787145103427, 4.56708890040598],
      [4.66103521998862, 6.20596589379204, 4.0348232028457, 4.07899116389361, 4.85228427869185, 5.8499801054487, 4.39426582633815, 3.30163037619824, 4.80847472275592, 3.24423193749252, 3.7956610188178, 6.09143756124106, 4.30087514134843, 4.56289416609168, 4.04688996833916, 4.53745964332735, 5.16595703791607, 4.47059673431016, 5.14152415786467, 4.61927776134249, 0, 5.2385631283047, 4.49839282816788, 3.29135625788975, 4.35948512462771, 4.81734767301934, 1.49610315190799],
      [6.07104026980034, 4.59677580445455, 7.21943583403493, 5.33839583208587, 4.23201321978374, 2.65292260806274, 4.43628626740673, 6.04853749685423, 3.18548913402578, 5.79968333529348, 3.84383564783137, 4.9281045067939, 6.05184756794125, 5.44838190716369, 5.49228491416508, 3.97519182078973, 6.24134436910485, 4.92678507238443, 5.78547519830988, 5.11984911630999, 5.2385631283047, 0, 6.76063669417152, 3.22073241490097, 4.23868714650827, 4.28435199109455, 5.70053417971723],
      [5.45115765897891, 5.72510272515146, 7.12304224245432, 5.13919407398633, 6.65051600821394, 6.33127995460853, 5.53870404664896, 5.71294959591563, 6.27400929785667, 5.37846853592127, 6.23802007249652, 7.78979033888252, 5.38753780266922, 4.60377891839077, 5.08465054050108, 5.90885190453606, 7.45212895964309, 4.51504183488678, 6.79035609824917, 4.2490919266759, 4.49839282816788, 6.76063669417152, 0, 6.19318884616212, 4.75979703355429, 4.96512616986672, 3.59126050979409],
      [4.11164248149785, 5.13039556592011, 4.3866486690081, 3.51618560298716, 4.62449526732042, 3.66031171059675, 3.48383402601365, 3.19384711088824, 3.23745187568011, 3.85288642496509, 3.7259985290407, 4.71200384525216, 6.12850546371261, 5.27376691393041, 5.5893030004831, 4.1370573528737, 6.03732205369506, 5.2373035887735, 6.27762939598398, 4.49572838198075, 3.29135625788975, 3.22073241490097, 6.19318884616212, 0, 5.22492688861611, 3.73162033615184, 4.07846726281676],
      [6.70865355269644, 5.3632306784693, 7.25841824059592, 6.24471231231228, 3.14928992302056, 5.34963069290417, 5.05256832995242, 6.4771621956129, 4.95357425427674, 5.05020775519528, 4.81529423727843, 7.24748545485404, 4.14396477623428, 5.23671377917201, 4.14481420338326, 5.06883301055377, 6.09957313300703, 4.25253869739979, 4.60761851980849, 5.77632613725902, 4.35948512462771, 4.23868714650827, 4.75979703355429, 5.22492688861611, 0, 5.91812878916287, 4.49184403213707],
      [3.85631727507995, 3.97228523829684, 6.70612198114406, 2.59097261055264, 6.76765824646295, 3.20422366967017, 3.89656225933605, 4.85375888550639, 3.35065068730026, 6.0100507594106, 4.27653910705773, 5.46605954531214, 5.91951865875204, 4.9045597400443, 5.15718278915175, 4.6995297141987, 6.07182103642996, 5.11991010167797, 6.35620400515047, 1.43787145103427, 4.81734767301934, 4.28435199109455, 4.96512616986672, 3.73162033615184, 5.91812878916287, 0, 4.84401739381826],
      [5.20952456413849, 6.62018749459459, 5.0378972163252, 4.60405296642501, 5.61623385545639, 6.23801061928777, 5.21189616715736, 3.99749748662855, 5.64080654547647, 3.8887207719215, 4.14304921738789, 5.82081820432127, 4.47919366150214, 3.52329873508615, 4.08173869163944, 4.11215023667925, 5.77713665624853, 3.58148226467889, 5.62381082160836, 4.56708890040598, 1.49610315190799, 5.70053417971723, 3.59126050979409, 4.07846726281676, 4.49184403213707, 4.84401739381826, 0]
    ],
    "individuals": ["A1", "A2", "A3", "A4", "A5", "A6", "A7", "A8", "A9", "A10", "B1", "B2", "B3", "B4", "B5", "B6", "B7", "B8", "B9", "C1", "C2", "C3", "C4", "C5", "C6", "C7", "C8"]
  },
  "conversions": {
    "genepop": "STRAF-generated GENEPOP input file. \nL1 \nL2 \nL3 \nL4 \nPop \nA1\t,\t100110\t140150\t200210\t300300 \nA2\t,\t100120\t140140\t200220\t300310 \nA3\t,\t110110\t150150\t210210\t300300 \nA4\t,\t100130\t140150\t200210\t300320 \nA5\t,\t110120\t150160\t220220\t310310 \nA6\t,\t120120\t140160\t200230\t300300 \nA7\t,\t100110\t140140\t210220\t300310 \nA8\t,\t110130\t150150\t200210\t300300 \nA9\t,\t100120\t140160\t210220\t300320 \nA10\t,\t110110\t150160\t200210\t310310 \nPop \nB1\t,\t130140\t160170\t220230\t320330 \nB2\t,\t130130\t160160\t230230\t330330 \nB3\t,\t140140\t170170\t220240\t320340 \nB4\t,\t130150\t160170\t230240\t330330 \nB5\t,\t140150\t170170\t220230\t320330 \nB6\t,\t130140\t160160\t230240\t330340 \nB7\t,\t140140\t170180\t220230\t320330 \nB8\t,\t130150\t160170\t230240\t330340 \nB9\t,\t140150\t170180\t220230\t320340 \nPop \nC1\t,\t100140\t140170\t200230\t300330 \nC2\t,\t110140\t150170\t210230\t310330 \nC3\t,\t120130\t140160\t220230\t300340 \nC4\t,\t100150\t150170\t200240\t310330 \nC5\t,\t110130\t140160\t210220\t300330 \nC6\t,\t120150\t150170\t220230\t310340 \nC7\t,\t100140\t140160\t200230\t300330 \nC8\t,\t130140\t150170\t210240\t310330 ",
    "arlequin": "[Profile]\nTitle=\"STRAF-generated Arlequin file.\"\nNbSamples=3\nDataType=MICROSAT\n\nGenotypicData=1\nGameticPhase=0\nMissingData=\"?\"\nLocusSeparator=WHITESPACE\n\n[Data]\n\n[[Samples]]\n\n \nSampleName=\"A\"\nSampleSize=10\nSampleData={\n \nA1\t1\t10\t14\t20\t30 \n\t\t11\t15\t21\t30 \nA2\t1\t10\t14\t20\t30 \n\t\t12\t14\t22\t31 \nA3\t1\t11\t15\t21\t30 \n\t\t11\t15\t21\t30 \nA4\t1\t10\t14\t20\t30 \n\t\t13\t15\t21\t32 \nA5\t1\t11\t15\t22\t31 \n\t\t12\t16\t22\t31 \nA6\t1\t12\t14\t20\t30 \n\t\t12\t16\t23\t30 \nA7\t1\t10\t14\t21\t30 \n\t\t11\t14\t22\t31 \nA8\t1\t11\t15\t20\t30 \n\t\t13\t15\t21\t30 \nA9\t1\t10\t14\t21\t30 \n\t\t12\t16\t22\t32 \nA10\t1\t11\t15\t20\t31 \n\t\t11\t16\t21\t31 \n}\n\n \nSampleName=\"B\"\nSampleSize=9\nSampleData={\n \nB1\t1\t13\t16\t22\t32 \n\t\t14\t17\t23\t33 \nB2\t1\t13\t16\t23\t33 \n\t\t13\t16\t23\t33 \nB3\t1\t14\t17\t22\t32 \n\t\t14\t17\t24\t34 \nB4\t1\t13\t16\t23\t33 \n\t\t15\t17\t24\t33 \nB5\t1\t14\t17\t22\t32 \n\t\t15\t17\t23\t33 \nB6\t1\t13\t16\t23\t33 \n\t\t14\t16\t24\t34 \nB7\t1\t14\t17\t22\t32 \n\t\t14\t18\t23\t33 \nB8\t1\t13\t16\t23\t33 \n\t\t15\t17\t24\t34 \nB9\t1\t14\t17\t22\t32 \n\t\t15\t18\t23\t34 \n}\n\n \nSampleName=\"C\"\nSampleSize=8\nSampleData={\n \nC1\t1\t10\t14\t20\t30 \n\t\t14\t17\t23\t33 \nC2\t1\t11\t15\t21\t31 \n\t\t14\t17\t23\t33 \nC3\t1\t12\t14\t22\t30 \n\t\t13\t16\t23\t34 \nC4\t1\t10\t15\t20\t31 \n\t\t15\t17\t24\t33 \nC5\t1\t11\t14\t21\t30 \n\t\t13\t16\t22\t33 \nC6\t1\t12\t15\t22\t31 \n\t\t15\t17\t23\t34 \nC7\t1\t10\t14\t20\t30 \n\t\t14\t16\t23\t33 \nC8\t1\t13\t15\t21\t31 \n\t\t14\t17\t24\t33 \n}\n\n ",
    "familias": {
      "all": "L1\n10\t0.148148148148148\n11\t0.185185185185185\n12\t0.12962962962963\n13\t0.203703703703704\n14\t0.222222222222222\n15\t0.111111111111111\n\nL2\n14\t0.222222222222222\n15\t0.222222222222222\n16\t0.259259259259259\n17\t0.259259259259259\n18\t0.037037037037037\n\nL3\n20\t0.166666666666667\n21\t0.203703703703704\n22\t0.240740740740741\n23\t0.277777777777778\n24\t0.111111111111111\n\nL4\n30\t0.296296296296296\n31\t0.185185185185185\n32\t0.12962962962963\n33\t0.277777777777778\n34\t0.111111111111111",
      "A": "L1\n10\t0.25\n11\t0.4\n12\t0.25\n13\t0.1\n\nL2\n14\t0.4\n15\t0.4\n16\t0.2\n\nL3\n20\t0.3\n21\t0.4\n22\t0.25\n23\t0.05\n\nL4\n30\t0.6\n31\t0.3\n32\t0.1",
      "B": "L1\n13\t0.333333333333333\n14\t0.444444444444444\n15\t0.222222222222222\n\nL2\n16\t0.388888888888889\n17\t0.5\n18\t0.111111111111111\n\nL3\n22\t0.277777777777778\n23\t0.5\n24\t0.222222222222222\n\nL4\n32\t0.277777777777778\n33\t0.5\n34\t0.222222222222222",
      "C": "L1\n10\t0.1875\n11\t0.125\n12\t0.125\n13\t0.1875\n14\t0.25\n15\t0.125\n\nL2\n14\t0.25\n15\t0.25\n16\t0.1875\n17\t0.3125\n\nL3\n20\t0.1875\n21\t0.1875\n22\t0.1875\n23\t0.3125\n24\t0.125\n\nL4\n30\t0.25\n31\t0.25\n33\t0.375\n34\t0.125"
    },
    "euroformix": {
      "all": "Allele,L1,L2,L3,L4\n10,0.148148148148148,,,\n11,0.185185185185185,,,\n12,0.12962962962963,,,\n13,0.203703703703704,,,\n14,0.222222222222222,0.222222222222222,,\n15,0.111111111111111,0.222222222222222,,\n16,,0.259259259259259,,\n17,,0.259259259259259,,\n18,,0.037037037037037,,\n20,,,0.166666666666667,\n21,,,0.203703703703704,\n22,,,0.240740740740741,\n23,,,0.277777777777778,\n24,,,0.111111111111111,\n30,,,,0.296296296296296\n31,,,,0.185185185185185\n32,,,,0.12962962962963\n33,,,,0.277777777777778\n34,,,,0.111111111111111",
      "A": "Allele,L1,L2,L3,L4\n10,0.25,,,\n11,0.4,,,\n12,0.25,,,\n13,0.1,,,\n14,0,0.4,,\n15,0,0.4,,\n16,,0.2,,\n17,,0,,\n18,,0,,\n20,,,0.3,\n21,,,0.4,\n22,,,0.25,\n23,,,0.05,\n24,,,0,\n30,,,,0.6\n31,,,,0.3\n32,,,,0.1\n33,,,,0\n34,,,,0",
      "B": "Allele,L1,L2,L3,L4\n10,0,,,\n11,0,,,\n12,0,,,\n13,0.333333333333333,,,\n14,0.444444444444444,0,,\n15,0.222222222222222,0,,\n16,,0.388888888888889,,\n17,,0.5,,\n18,,0.111111111111111,,\n20,,,0,\n21,,,0,\n22,,,0.277777777777778,\n23,,,0.5,\n24,,,0.222222222222222,\n30,,,,0\n31,,,,0\n32,,,,0.277777777777778\n33,,,,0.5\n34,,,,0.222222222222222",
      "C": "Allele,L1,L2,L3,L4\n10,0.1875,,,\n11,0.125,,,\n12,0.125,,,\n13,0.1875,,,\n14,0.25,0.25,,\n15,0.125,0.25,,\n16,,0.1875,,\n17,,0.3125,,\n18,,0,,\n20,,,0.1875,\n21,,,0.1875,\n22,,,0.1875,\n23,,,0.3125,\n24,,,0.125,\n30,,,,0.25\n31,,,,0.25\n32,,,,0\n33,,,,0.375\n34,,,,0.125"
    },
    "strmix": {
      "all": "Allele,L1,L2,L3,L4\n10,0.148148148148148,0,0,0\n11,0.185185185185185,0,0,0\n12,0.12962962962963,0,0,0\n13,0.203703703703704,0,0,0\n14,0.222222222222222,0.222222222222222,0,0\n15,0.111111111111111,0.222222222222222,0,0\n16,0,0.259259259259259,0,0\n17,0,0.259259259259259,0,0\n18,0,0.037037037037037,0,0\n20,0,0,0.166666666666667,0\n21,0,0,0.203703703703704,0\n22,0,0,0.240740740740741,0\n23,0,0,0.277777777777778,0\n24,0,0,0.111111111111111,0\n30,0,0,0,0.296296296296296\n31,0,0,0,0.185185185185185\n32,0,0,0,0.12962962962963\n33,0,0,0,0.277777777777778\n34,0,0,0,0.111111111111111\nN,54,54,54,54",
      "A": "Allele,L1,L2,L3,L4\n10,0.25,0,0,0\n11,0.4,0,0,0\n12,0.25,0,0,0\n13,0.1,0,0,0\n14,0,0.4,0,0\n15,0,0.4,0,0\n16,0,0.2,0,0\n17,0,0,0,0\n18,0,0,0,0\n20,0,0,0.3,0\n21,0,0,0.4,0\n22,0,0,0.25,0\n23,0,0,0.05,0\n24,0,0,0,0\n30,0,0,0,0.6\n31,0,0,0,0.3\n32,0,0,0,0.1\n33,0,0,0,0\n34,0,0,0,0\nN,20,20,20,20",
      "B": "Allele,L1,L2,L3,L4\n10,0,0,0,0\n11,0,0,0,0\n12,0,0,0,0\n13,0.333333333333333,0,0,0\n14,0.444444444444444,0,0,0\n15,0.222222222222222,0,0,0\n16,0,0.388888888888889,0,0\n17,0,0.5,0,0\n18,0,0.111111111111111,0,0\n20,0,0,0,0\n21,0,0,0,0\n22,0,0,0.277777777777778,0\n23,0,0,0.5,0\n24,0,0,0.222222222222222,0\n30,0,0,0,0\n31,0,0,0,0\n32,0,0,0,0.277777777777778\n33,0,0,0,0.5\n34,0,0,0,0.222222222222222\nN,18,18,18,18",
      "C": "Allele,L1,L2,L3,L4\n10,0.1875,0,0,0\n11,0.125,0,0,0\n12,0.125,0,0,0\n13,0.1875,0,0,0\n14,0.25,0.25,0,0\n15,0.125,0.25,0,0\n16,0,0.1875,0,0\n17,0,0.3125,0,0\n18,0,0,0,0\n20,0,0,0.1875,0\n21,0,0,0.1875,0\n22,0,0,0.1875,0\n23,0,0,0.3125,0\n24,0,0,0.125,0\n30,0,0,0,0.25\n31,0,0,0,0.25\n32,0,0,0,0\n33,0,0,0,0.375\n34,0,0,0,0.125\nN,16,16,16,16"
    },
    "lrmix": {
      "all": "Allele,L1,L2,L3,L4\n10,0.148148148148148,,,\n11,0.185185185185185,,,\n12,0.12962962962963,,,\n13,0.203703703703704,,,\n14,0.222222222222222,0.222222222222222,,\n15,0.111111111111111,0.222222222222222,,\n16,,0.259259259259259,,\n17,,0.259259259259259,,\n18,,0.037037037037037,,\n20,,,0.166666666666667,\n21,,,0.203703703703704,\n22,,,0.240740740740741,\n23,,,0.277777777777778,\n24,,,0.111111111111111,\n30,,,,0.296296296296296\n31,,,,0.185185185185185\n32,,,,0.12962962962963\n33,,,,0.277777777777778\n34,,,,0.111111111111111",
      "A": "Allele,L1,L2,L3,L4\n10,0.25,,,\n11,0.4,,,\n12,0.25,,,\n13,0.1,,,\n14,0,0.4,,\n15,0,0.4,,\n16,,0.2,,\n17,,0,,\n18,,0,,\n20,,,0.3,\n21,,,0.4,\n22,,,0.25,\n23,,,0.05,\n24,,,0,\n30,,,,0.6\n31,,,,0.3\n32,,,,0.1\n33,,,,0\n34,,,,0",
      "B": "Allele,L1,L2,L3,L4\n10,0,,,\n11,0,,,\n12,0,,,\n13,0.333333333333333,,,\n14,0.444444444444444,0,,\n15,0.222222222222222,0,,\n16,,0.388888888888889,,\n17,,0.5,,\n18,,0.111111111111111,,\n20,,,0,\n21,,,0,\n22,,,0.277777777777778,\n23,,,0.5,\n24,,,0.222222222222222,\n30,,,,0\n31,,,,0\n32,,,,0.277777777777778\n33,,,,0.5\n34,,,,0.222222222222222",
      "C": "Allele,L1,L2,L3,L4\n10,0.1875,,,\n11,0.125,,,\n12,0.125,,,\n13,0.1875,,,\n14,0.25,0.25,,\n15,0.125,0.25,,\n16,,0.1875,,\n17,,0.3125,,\n18,,0,,\n20,,,0.1875,\n21,,,0.1875,\n22,,,0.1875,\n23,,,0.3125,\n24,,,0.125,\n30,,,,0.25\n31,,,,0.25\n32,,,,0\n33,,,,0.375\n34,,,,0.125"
    }
  }
}
