{
  "dataset": "point_alleles_diploid",
  "ploidy": 2,
  "nInd": 16,
  "pops": ["A", "B"],
  "indices": {
    "all": {
      "L1": {
        "N": 32,
        "Nall": 6,
        "GD": 0.856854838709677,
        "PIC": 0.80634880065918,
        "PM": 0.09375,
        "PD": 0.90625,
        "Hobs": 0.75,
        "PE": 0.509765625,
        "TPI": 2,
        "Fst": 0.23963133640553,
        "Ht": 0.8527,
        "Fis": -0.0182
      },
      "L2": {
        "N": 32,
        "Nall": 4,
        "GD": 0.770161290322581,
        "PIC": 0.698719024658203,
        "PM": 0.140625,
        "PD": 0.859375,
        "Hobs": 0.4375,
        "PE": 0.13841438293457,
        "TPI": 0.888888888888889,
        "Fst": 0.371900826446281,
        "Ht": 0.7695,
        "Fis": 0.2632
      },
      "L3": {
        "N": 32,
        "Nall": 5,
        "GD": 0.808467741935484,
        "PIC": 0.747617721557617,
        "PM": 0.140625,
        "PD": 0.859375,
        "Hobs": 0.75,
        "PE": 0.509765625,
        "TPI": 2,
        "Fst": 0.298162418494369,
        "Ht": 0.8011,
        "Fis": -0.1351
      }
    },
    "A": {
      "L1": {
        "N": 16,
        "Nall": 4,
        "GD": 0.775,
        "PIC": 0.675018310546875,
        "PM": 0.15625,
        "PD": 0.84375,
        "Hobs": 0.75,
        "PE": 0.509765625,
        "TPI": 2
      },
      "L2": {
        "N": 16,
        "Nall": 3,
        "GD": 0.641666666666667,
        "PIC": 0.516326904296875,
        "PM": 0.21875,
        "PD": 0.78125,
        "Hobs": 0.5,
        "PE": 0.1875,
        "TPI": 1
      },
      "L3": {
        "N": 16,
        "Nall": 3,
        "GD": 0.675,
        "PIC": 0.555633544921875,
        "PM": 0.21875,
        "PD": 0.78125,
        "Hobs": 0.625,
        "PE": 0.32196044921875,
        "TPI": 1.33333333333333
      }
    },
    "B": {
      "L1": {
        "N": 16,
        "Nall": 3,
        "GD": 0.7,
        "PIC": 0.58154296875,
        "PM": 0.21875,
        "PD": 0.78125,
        "Hobs": 0.75,
        "PE": 0.509765625,
        "TPI": 2
      },
      "L2": {
        "N": 16,
        "Nall": 2,
        "GD": 0.525,
        "PIC": 0.371063232421875,
        "PM": 0.34375,
        "PD": 0.65625,
        "Hobs": 0.375,
        "PE": 0.09942626953125,
        "TPI": 0.8
      },
      "L3": {
        "N": 16,
        "Nall": 3,
        "GD": 0.658333333333333,
        "PIC": 0.543914794921875,
        "PM": 0.34375,
        "PD": 0.65625,
        "Hobs": 0.875,
        "PE": 0.74468994140625,
        "TPI": 4
      }
    }
  },
  "freqs": {
    "all": {
      "L1": {
        "N": 32,
        "freq": {
          "9": 0.15625,
          "9.3": 0.15625,
          "10": 0.125,
          "11": 0.1875,
          "11.3": 0.1875,
          "12": 0.1875
        }
      },
      "L2": {
        "N": 32,
        "freq": {
          "14": 0.21875,
          "15": 0.21875,
          "16": 0.28125,
          "17": 0.28125
        }
      },
      "L3": {
        "N": 32,
        "freq": {
          "22": 0.21875,
          "23": 0.1875,
          "24": 0.25,
          "25": 0.25,
          "26": 0.09375
        }
      }
    },
    "A": {
      "L1": {
        "N": 16,
        "freq": {
          "9": 0.3125,
          "9.3": 0.3125,
          "10": 0.25,
          "11": 0.125,
          "11.3": 0,
          "12": 0
        }
      },
      "L2": {
        "N": 16,
        "freq": {
          "14": 0.4375,
          "15": 0.4375,
          "16": 0.125,
          "17": 0
        }
      },
      "L3": {
        "N": 16,
        "freq": {
          "22": 0.4375,
          "23": 0.375,
          "24": 0.1875,
          "25": 0,
          "26": 0
        }
      }
    },
    "B": {
      "L1": {
        "N": 16,
        "freq": {
          "9": 0,
          "9.3": 0,
          "10": 0,
          "11": 0.25,
          "11.3": 0.375,
          "12": 0.375
        }
      },
      "L2": {
        "N": 16,
        "freq": {
          "14": 0,
          "15": 0,
          "16": 0.4375,
          "17": 0.5625
        }
      },
      "L3": {
        "N": 16,
        "freq": {
          "22": 0,
          "23": 0,
          "24": 0.3125,
          "25": 0.5,
          "26": 0.1875
        }
      }
    }
  },
  "perLocusFstats": {
    "L1": {
      "Ho": 0.75,
      "Hs": 0.73660714,
      "Ht": 0.85267857,
      "Fis": -0.01818182,
      "Fst": 0.23963133640553
    },
    "L2": {
      "Ho": 0.4375,
      "Hs": 0.59375,
      "Ht": 0.76953125,
      "Fis": 0.26315789,
      "Fst": 0.371900826446281
    },
    "L3": {
      "Ho": 0.75,
      "Hs": 0.66071429,
      "Ht": 0.80106027,
      "Fis": -0.13513514,
      "Fst": 0.298162418494369
    }
  },
  "pairwiseFst": {
    "populations": ["A", "B"],
    "matrix": [
      [null, 0.302716435411374],
      [0.302716435411374, null]
    ]
  },
  "distances": {
    "nei": {
      "populations": ["A", "B"],
      "matrix": [
        [0, 2.05870134854008],
        [2.05870134854008, 0]
      ]
    },
    "edwards": {
      "populations": ["A", "B"],
      "matrix": [
        [0, 0.88455417374932],
        [0.88455417374932, 0]
      ]
    },
    "reynolds": {
      "populations": ["A", "B"],
      "matrix": [
        [0, 0.589465198503048],
        [0.589465198503048, 0]
      ]
    },
    "rogers": {
      "populations": ["A", "B"],
      "matrix": [
        [0, 0.573451139823717],
        [0.573451139823717, 0]
      ]
    },
    "provesti": {
      "populations": ["A", "B"],
      "matrix": [
        [0, 0.854166666666667],
        [0.854166666666667, 0]
      ]
    }
  },
  "pca": {
    "nInd": 16,
    "nCols": 15,
    "sdev": [2.30176646795551, 1.58271823025849, 1.33797696850991, 1.2573855290484, 1.05087480930785, 1.00044159481241, 0.894538298010077, 0.744665506774718, 0.495772192081805, 0.317043895626005, 0.139354807699778, 2.62835648009738e-16, 1.96536651117989e-16, 1.02447849239467e-16, 2.45381197631586e-17],
    "eigenvalues": [5.29812887300437, 2.50499699639257, 1.79018236826296, 1.58101836866033, 1.1043378648378, 1.00088338463079, 0.800198766606766, 0.554526716980047, 0.245790066441598, 0.100516831753713, 0.0194197624290421, 6.90825778646986e-32, 3.86266552326743e-32, 1.04955618137926e-32, 6.02119321511115e-34],
    "variance": [0.35321, 0.167, 0.11935, 0.1054, 0.07362, 0.06673, 0.05335, 0.03697, 0.01639, 0.0067, 0.00129, 0, 0, 0, 0],
    "cumulative": [0.35321, 0.52021, 0.63955, 0.74496, 0.81858, 0.8853, 0.93865, 0.97562, 0.992, 0.99871, 1, 1, 1, 1, 1],
    "pairDist": [
      [0, 1.2659971714862, 5.04058707532527, 1.82988163822761, 4.08803193574938, 2.96912080146283, 4.23593341923903, 3.33542716467139, 4.98452941432406, 5.95516745263663, 5.63953252821071, 5.27507430874451, 5.84544797122421, 5.29691269523171, 5.82270169534589, 5.47205066185531],
      [1.2659971714862, 0, 4.62590088568835, 3.02537526089437, 4.24867274130295, 2.2201552367897, 4.6281656469346, 2.95778515205411, 5.16667034396474, 6.05058388844454, 6.1022535032827, 5.47750651407461, 6.06687047843878, 5.9252245035937, 5.83989247476211, 5.82103081178839],
      [5.04058707532527, 4.62590088568835, 0, 5.95263343477415, 3.63081115065912, 5.52963730720686, 5.30654433972015, 3.02664368732883, 6.20388203958351, 6.77178477119789, 6.82551705423901, 6.46131565934949, 6.76652301448891, 6.50587584010399, 6.73401471076662, 6.59569346195214],
      [1.82988163822761, 3.02537526089437, 5.95263343477415, 0, 4.68297000417114, 4.40113456137708, 4.8420038138687, 4.08407949891919, 5.29200356889961, 5.99480308564892, 5.56650838793497, 5.4350616142637, 5.9817663686748, 4.66202749026927, 6.28762727287305, 5.29021782951877],
      [4.08803193574938, 4.24867274130295, 3.63081115065912, 4.68297000417114, 0, 4.61723205614581, 2.84868163264179, 4.47999124207028, 3.33529879725506, 4.86963258991285, 4.44851963815615, 3.76207298300264, 4.81611084495936, 4.07425774027659, 4.67137696897954, 4.14149475013287],
      [2.96912080146283, 2.2201552367897, 5.52963730720686, 4.40113456137708, 4.61723205614581, 0, 5.51537809356694, 4.10320330268365, 4.23672949190441, 5.22049188967747, 5.7028572463003, 4.67007233340724, 5.26101027077029, 5.82965710653126, 4.63039917249831, 5.3797900681373],
      [4.23593341923903, 4.6281656469346, 5.30654433972015, 4.8420038138687, 2.84868163264179, 5.51537809356694, 0, 5.99098837087846, 5.10336227921622, 6.81183319793948, 5.99764095569046, 5.43541455971223, 6.75759351024514, 5.87576323827999, 6.55931929160883, 5.79240471693146],
      [3.33542716467139, 2.95778515205411, 3.02664368732883, 4.08407949891919, 4.47999124207028, 4.10320330268365, 5.99098837087846, 0, 5.89353828205986, 6.11648826516471, 6.38160288661772, 6.09673935079995, 6.14106647682346, 5.81657624126114, 6.26351050618735, 6.1047391862496],
      [4.98452941432406, 5.16667034396474, 6.20388203958351, 5.29200356889961, 3.33529879725506, 4.23672949190441, 5.10336227921622, 5.89353828205986, 0, 2.76994481305224, 3.68165068811681, 1.29472282426623, 3.49323063379786, 2.89740188334603, 2.94845309233387, 2.42254818327175],
      [5.95516745263663, 6.05058388844454, 6.77178477119789, 5.99480308564892, 4.86963258991285, 5.22049188967747, 6.81183319793948, 6.11648826516471, 2.76994481305224, 0, 5.81754887378308, 1.76943835259094, 5.33375050282631, 3.11899153702757, 5.00003269808757, 1.49640715614634],
      [5.63953252821071, 6.1022535032827, 6.82551705423901, 5.56650838793497, 4.44851963815615, 5.7028572463003, 5.99764095569046, 6.38160288661772, 3.68165068811681, 5.81754887378308, 0, 4.77234393728133, 1.49640715614634, 3.91266343926348, 2.41297134838031, 5.33375050282631],
      [5.27507430874451, 5.47750651407461, 6.46131565934949, 5.4350616142637, 3.76207298300264, 4.67007233340724, 5.43541455971223, 6.09673935079995, 1.29472282426623, 1.76943835259094, 4.77234393728133, 0, 4.58301890361997, 2.75376555444876, 4.13067555301354, 1.32150307335953],
      [5.84544797122421, 6.06687047843878, 6.76652301448891, 5.9817663686748, 4.81611084495936, 5.26101027077029, 6.75759351024514, 6.14106647682346, 3.49323063379786, 5.33375050282631, 1.49640715614634, 4.58301890361997, 0, 4.112482357655, 1.37688277722438, 5.24713090249109],
      [5.29691269523171, 5.9252245035937, 6.50587584010399, 4.66202749026927, 4.07425774027659, 5.82965710653126, 5.87576323827999, 5.81657624126114, 2.89740188334603, 3.11899153702757, 3.91266343926348, 2.75376555444876, 4.112482357655, 0, 4.53366894735575, 2.2290774233943],
      [5.82270169534589, 5.83989247476211, 6.73401471076662, 6.28762727287305, 4.67137696897954, 4.63039917249831, 6.55931929160883, 6.26351050618735, 2.94845309233387, 5.00003269808757, 2.41297134838031, 4.13067555301354, 1.37688277722438, 4.53366894735575, 0, 5.0765347858892],
      [5.47205066185531, 5.82103081178839, 6.59569346195214, 5.29021782951877, 4.14149475013287, 5.3797900681373, 5.79240471693146, 6.1047391862496, 2.42254818327175, 1.49640715614634, 5.33375050282631, 1.32150307335953, 5.24713090249109, 2.2290774233943, 5.0765347858892, 0]
    ],
    "individuals": ["A1", "A2", "A3", "A4", "A5", "A6", "A7", "A8", "B1", "B2", "B3", "B4", "B5", "B6", "B7", "B8"]
  }
}
