{
  "dataset": "monomorphic_diploid",
  "ploidy": 2,
  "nInd": 16,
  "pops": [
    "A",
    "B"
  ],
  "indices": {
    "all": {
      "L1": {
        "N": 32,
        "Nall": 6,
        "GD": 0.8407258064516129,
        "PIC": 0.7880229949951172,
        "PM": 0.09375,
        "PD": 0.90625,
        "Hobs": 0.6875,
        "PE": 0.40918922424316406,
        "TPI": 1.6
      },
      "L2": {
        "N": 32,
        "Nall": 1,
        "GD": 0,
        "PIC": 0,
        "PM": 1,
        "PD": 0,
        "Hobs": 0,
        "PE": 0,
        "TPI": 0.5
      },
      "L3": {
        "N": 32,
        "Nall": 5,
        "GD": 0.8084677419354839,
        "PIC": 0.7484416961669922,
        "PM": 0.1328125,
        "PD": 0.8671875,
        "Hobs": 0.8125,
        "PE": 0.6224422454833984,
        "TPI": 2.6666666666666665
      }
    },
    "A": {
      "L1": {
        "N": 16,
        "Nall": 4,
        "GD": 0.7666666666666667,
        "PIC": 0.66748046875,
        "PM": 0.15625,
        "PD": 0.84375,
        "Hobs": 0.75,
        "PE": 0.509765625,
        "TPI": 2
      },
      "L2": {
        "N": 16,
        "Nall": 1,
        "GD": 0,
        "PIC": 0,
        "PM": 1,
        "PD": 0,
        "Hobs": 0,
        "PE": 0,
        "TPI": 0.5
      },
      "L3": {
        "N": 16,
        "Nall": 4,
        "GD": 0.7416666666666667,
        "PIC": 0.635711669921875,
        "PM": 0.21875,
        "PD": 0.78125,
        "Hobs": 0.75,
        "PE": 0.509765625,
        "TPI": 2
      }
    },
    "B": {
      "L1": {
        "N": 16,
        "Nall": 3,
        "GD": 0.675,
        "PIC": 0.555633544921875,
        "PM": 0.21875,
        "PD": 0.78125,
        "Hobs": 0.625,
        "PE": 0.32196044921875,
        "TPI": 1.3333333333333333
      },
      "L2": {
        "N": 16,
        "Nall": 1,
        "GD": 0,
        "PIC": 0,
        "PM": 1,
        "PD": 0,
        "Hobs": 0,
        "PE": 0,
        "TPI": 0.5
      },
      "L3": {
        "N": 16,
        "Nall": 3,
        "GD": 0.6666666666666666,
        "PIC": 0.5546875,
        "PM": 0.3125,
        "PD": 0.6875,
        "Hobs": 0.875,
        "PE": 0.74468994140625,
        "TPI": 4
      }
    }
  },
  "freqs": {
    "all": {
      "L1": {
        "N": 32,
        "freq": {
          "10": 0.125,
          "11": 0.1875,
          "12": 0.125,
          "13": 0.25,
          "14": 0.21875,
          "15": 0.09375
        }
      },
      "L2": {
        "N": 32,
        "freq": {
          "14": 1
        }
      },
      "L3": {
        "N": 32,
        "freq": {
          "20": 0.15625,
          "21": 0.1875,
          "22": 0.25,
          "23": 0.28125,
          "24": 0.125
        }
      }
    },
    "A": {
      "L1": {
        "N": 16,
        "freq": {
          "10": 0.25,
          "11": 0.375,
          "12": 0.25,
          "13": 0.125
        }
      },
      "L2": {
        "N": 16,
        "freq": {
          "14": 1
        }
      },
      "L3": {
        "N": 16,
        "freq": {
          "20": 0.3125,
          "21": 0.375,
          "22": 0.25,
          "23": 0.0625
        }
      }
    },
    "B": {
      "L1": {
        "N": 16,
        "freq": {
          "13": 0.375,
          "14": 0.4375,
          "15": 0.1875
        }
      },
      "L2": {
        "N": 16,
        "freq": {
          "14": 1
        }
      },
      "L3": {
        "N": 16,
        "freq": {
          "22": 0.25,
          "23": 0.5,
          "24": 0.25
        }
      }
    }
  },
  "perLocusFstats": {
    "L1": {
      "Ho": 0.6875,
      "Hs": 0.7232142857142857,
      "Ht": 0.8381696428571429,
      "Fis": 0.04938271604938271,
      "Fst": 0.2412177985948478
    },
    "L2": {
      "Ho": 0,
      "Hs": 0,
      "Ht": 0,
      "Fis": null,
      "Fst": null
    },
    "L3": {
      "Ho": 0.8125,
      "Hs": 0.6964285714285714,
      "Ht": 0.8013392857142857,
      "Fis": -0.16666666666666674,
      "Fst": 0.23152709359605914
    }
  },
  "pairwiseFst": {
    "populations": [
      "A",
      "B"
    ],
    "matrix": [
      [
        0,
        0.23649459783913568
      ],
      [
        0.23649459783913568,
        0
      ]
    ]
  },
  "distances": {
    "nei": {
      "populations": [
        "A",
        "B"
      ],
      "matrix": [
        [
          0,
          0.37658225354261654
        ],
        [
          0.37658225354261654,
          0
        ]
      ]
    },
    "edwards": {
      "populations": [
        "A",
        "B"
      ],
      "matrix": [
        [
          0,
          0.6724871631382648
        ],
        [
          0.6724871631382648,
          0
        ]
      ]
    },
    "reynolds": {
      "populations": [
        "A",
        "B"
      ],
      "matrix": [
        [
          0,
          0.5305776145315753
        ],
        [
          0.5305776145315753,
          0
        ]
      ]
    },
    "rogers": {
      "populations": [
        "A",
        "B"
      ],
      "matrix": [
        [
          0,
          0.34090424388271107
        ],
        [
          0.34090424388271107,
          0
        ]
      ]
    },
    "provesti": {
      "populations": [
        "A",
        "B"
      ],
      "matrix": [
        [
          0,
          0.5208333333333334
        ],
        [
          0.5208333333333334,
          0
        ]
      ]
    }
  },
  "pca": {
    "nInd": 16,
    "nCols": 12,
    "eigenvalues": [
      3.672015073773419,
      2.0760190710681807,
      1.7133814060607357,
      1.03442140394436,
      0.989092634971035,
      0.7179461318932289,
      0.4735172609231743,
      0.2611604253508499,
      0.06244659201501641,
      0,
      -1.8332040963305794e-16,
      -2.839644710390423e-16
    ],
    "variance": [
      0.33381955216121995,
      0.18872900646074373,
      0.15576194600552143,
      0.09403830944948727,
      0.08991751227009409,
      0.06526783017211171,
      0.043047023720288576,
      0.023741856850077264,
      0.005676962910456037,
      0,
      0,
      0
    ],
    "cumulative": [
      0.33381955216121995,
      0.5225485586219637,
      0.6783105046274851,
      0.7723488140769723,
      0.8622663263470665,
      0.9275341565191781,
      0.9705811802394667,
      0.994323037089544,
      1,
      1,
      1,
      1
    ],
    "pairDist": [
      [
        0,
        3.058822355134483,
        3.624260979509876,
        1.71218712537519,
        4.537925833096736,
        4.696242298609206,
        1.9306385267097994,
        1.971079733696366,
        4.729304823553446,
        5.745048499831817,
        5.101628898975707,
        5.456284110584039,
        4.946757773282015,
        4.845748063609733,
        5.154213430657822,
        5.456284110584039
      ],
      [
        3.058822355134483,
        0,
        5.770829375496874,
        3.1549265217996973,
        3.6513488760485195,
        2.8804055508385296,
        3.381778532972023,
        3.827588946773661,
        4.367078125274748,
        5.89749464983906,
        4.610130467806058,
        5.559210264847458,
        4.335436920515835,
        4.8762458351277065,
        4.478195349498345,
        5.559210264847458
      ],
      [
        3.624260979509876,
        5.770829375496874,
        0,
        4.769916662862035,
        4.544924551190012,
        6.27187886941277,
        2.8114772383877815,
        2.9633418415488637,
        5.265819739522082,
        6.139320532989136,
        5.883094719519939,
        5.96422131573424,
        5.314185721413082,
        5.602553103564879,
        5.695831886349726,
        5.96422131573424
      ],
      [
        1.71218712537519,
        3.1549265217996973,
        4.769916662862035,
        0,
        5.279870741628577,
        4.503649600998508,
        3.101561853830894,
        2.1633149396701143,
        4.319007390510363,
        4.835449652379533,
        5.0825737203067805,
        5.014765431913549,
        4.938899904058351,
        4.168417307029947,
        5.000582805175926,
        5.014765431913549
      ],
      [
        4.537925833096736,
        3.6513488760485195,
        4.544924551190012,
        5.279870741628577,
        0,
        3.7860856168912917,
        3.2082737578407468,
        4.276563551943283,
        3.6879061783151426,
        5.845370621040956,
        4.008931096676238,
        5.496975293784204,
        3.1959088905718844,
        4.8429983457514165,
        3.44049340269608,
        5.496975293784204
      ],
      [
        4.696242298609206,
        2.8804055508385296,
        6.27187886941277,
        4.503649600998508,
        3.7860856168912917,
        0,
        4.872828548928787,
        4.251512738823968,
        4.28294063520712,
        4.793748286798422,
        5.706308678809055,
        5.16576669953177,
        4.33212199584088,
        4.900387700183063,
        4.947848080291501,
        5.16576669953177
      ],
      [
        1.9306385267097994,
        3.381778532972023,
        2.8114772383877815,
        3.101561853830894,
        3.2082737578407468,
        4.872828548928787,
        0,
        2.376595155221483,
        3.9082102176037883,
        5.68983441466594,
        3.9019434025760953,
        5.2046060648212045,
        3.916044403856459,
        4.37500509714227,
        3.971575846399574,
        5.2046060648212045
      ],
      [
        1.971079733696366,
        3.827588946773661,
        2.9633418415488637,
        2.1633149396701143,
        4.276563551943283,
        4.251512738823968,
        2.376595155221483,
        0,
        3.704035838767775,
        4.104316448683823,
        4.989668862229442,
        4.537340848220443,
        4.288370357211544,
        3.8519769070624,
        4.585373491974749,
        4.537340848220443
      ],
      [
        4.729304823553446,
        4.367078125274748,
        5.265819739522082,
        4.319007390510363,
        3.6879061783151426,
        4.28294063520712,
        3.9082102176037883,
        3.704035838767775,
        0,
        2.966328002940078,
        2.8348967590627896,
        3.9110389847023086,
        2.340508303132101,
        1.9107956922053828,
        1.4893485069658827,
        3.9110389847023086
      ],
      [
        5.745048499831817,
        5.89749464983906,
        6.139320532989136,
        4.835449652379533,
        5.845370621040956,
        4.793748286798422,
        5.68983441466594,
        4.104316448683823,
        2.966328002940078,
        0,
        5.4790822893794635,
        3.950903307824752,
        4.335719355894902,
        2.83489675906279,
        4.428400460722546,
        3.950903307824752
      ],
      [
        5.101628898975707,
        4.610130467806058,
        5.883094719519939,
        5.0825737203067805,
        4.008931096676238,
        5.706308678809055,
        3.9019434025760953,
        4.989668862229442,
        2.8348967590627896,
        5.4790822893794635,
        0,
        4.321346579425632,
        2.2679911414273377,
        2.9663280029400774,
        1.9115739587542913,
        4.321346579425632
      ],
      [
        5.456284110584039,
        5.559210264847458,
        5.96422131573424,
        5.014765431913549,
        5.496975293784204,
        5.16576669953177,
        5.2046060648212045,
        4.537340848220443,
        3.9110389847023086,
        3.950903307824752,
        4.321346579425632,
        0,
        2.803941045545213,
        2.408909709643012,
        4.695763728807847,
        0
      ],
      [
        4.946757773282015,
        4.335436920515835,
        5.314185721413082,
        4.938899904058351,
        3.1959088905718844,
        4.33212199584088,
        3.916044403856459,
        4.288370357211544,
        2.340508303132101,
        4.335719355894902,
        2.2679911414273377,
        2.803941045545213,
        0,
        2.297752326823703,
        2.4089097096430114,
        2.803941045545213
      ],
      [
        4.845748063609733,
        4.8762458351277065,
        5.602553103564879,
        4.168417307029947,
        4.8429983457514165,
        4.900387700183063,
        4.37500509714227,
        3.8519769070624,
        1.9107956922053828,
        2.83489675906279,
        2.9663280029400774,
        2.408909709643012,
        2.297752326823703,
        0,
        2.8039410455452125,
        2.408909709643012
      ],
      [
        5.154213430657822,
        4.478195349498345,
        5.695831886349726,
        5.000582805175926,
        3.44049340269608,
        4.947848080291501,
        3.971575846399574,
        4.585373491974749,
        1.4893485069658827,
        4.428400460722546,
        1.9115739587542913,
        4.695763728807847,
        2.4089097096430114,
        2.8039410455452125,
        0,
        4.695763728807847
      ],
      [
        5.456284110584039,
        5.559210264847458,
        5.96422131573424,
        5.014765431913549,
        5.496975293784204,
        5.16576669953177,
        5.2046060648212045,
        4.537340848220443,
        3.9110389847023086,
        3.950903307824752,
        4.321346579425632,
        0,
        2.803941045545213,
        2.408909709643012,
        4.695763728807847,
        0
      ]
    ],
    "individuals": [
      "A1",
      "A2",
      "A3",
      "A4",
      "A5",
      "A6",
      "A7",
      "A8",
      "B1",
      "B2",
      "B3",
      "B4",
      "B5",
      "B6",
      "B7",
      "B8"
    ]
  }
}