{
  "dataset": "multi_pop_diploid",
  "ploidy": 2,
  "nInd": 27,
  "pops": [
    "A",
    "B",
    "C"
  ],
  "indices": {
    "all": {
      "L1": {
        "N": 54,
        "Nall": 6,
        "GD": 0.8392732354996506,
        "PIC": 0.7989134729913575,
        "PM": 0.0672153635116598,
        "PD": 0.9327846364883402,
        "Hobs": 0.7777777777777778,
        "PE": 0.5584683906586055,
        "TPI": 2.25
      },
      "L2": {
        "N": 54,
        "Nall": 5,
        "GD": 0.779874213836478,
        "PIC": 0.7243249956251024,
        "PM": 0.10836762688614537,
        "PD": 0.8916323731138547,
        "Hobs": 0.7037037037037037,
        "PE": 0.4340129181964871,
        "TPI": 1.6875
      },
      "L3": {
        "N": 54,
        "Nall": 5,
        "GD": 0.798043326345213,
        "PIC": 0.7482491000882505,
        "PM": 0.11934156378600821,
        "PD": 0.8806584362139918,
        "Hobs": 0.8888888888888888,
        "PE": 0.7727819268742908,
        "TPI": 4.499999999999998
      },
      "L4": {
        "N": 54,
        "Nall": 5,
        "GD": 0.7861635220125786,
        "PIC": 0.7347125551095982,
        "PM": 0.09465020576131686,
        "PD": 0.9053497942386831,
        "Hobs": 0.7037037037037037,
        "PE": 0.4340129181964871,
        "TPI": 1.6875
      }
    },
    "A": {
      "L1": {
        "N": 20,
        "Nall": 4,
        "GD": 0.7421052631578947,
        "PIC": 0.6514875,
        "PM": 0.16000000000000006,
        "PD": 0.84,
        "Hobs": 0.7,
        "PE": 0.4282599999999999,
        "TPI": 1.6666666666666665
      },
      "L2": {
        "N": 20,
        "Nall": 3,
        "GD": 0.6736842105263157,
        "PIC": 0.5631999999999999,
        "PM": 0.20000000000000004,
        "PD": 0.7999999999999999,
        "Hobs": 0.6,
        "PE": 0.29088,
        "TPI": 1.25
      },
      "L3": {
        "N": 20,
        "Nall": 4,
        "GD": 0.7210526315789474,
        "PIC": 0.6233875000000001,
        "PM": 0.24000000000000007,
        "PD": 0.7599999999999999,
        "Hobs": 0.8,
        "PE": 0.5990400000000001,
        "TPI": 2.5000000000000004
      },
      "L4": {
        "N": 20,
        "Nall": 3,
        "GD": 0.5684210526315789,
        "PIC": 0.46620000000000006,
        "PM": 0.28,
        "PD": 0.72,
        "Hobs": 0.4,
        "PE": 0.11392000000000002,
        "TPI": 0.8333333333333334
      }
    },
    "B": {
      "L1": {
        "N": 18,
        "Nall": 3,
        "GD": 0.6797385620915033,
        "PIC": 0.5675964029873495,
        "PM": 0.20987654320987653,
        "PD": 0.7901234567901234,
        "Hobs": 0.6666666666666666,
        "PE": 0.3786008230452675,
        "TPI": 1.4999999999999998
      },
      "L2": {
        "N": 18,
        "Nall": 3,
        "GD": 0.6209150326797385,
        "PIC": 0.5008954427678707,
        "PM": 0.25925925925925924,
        "PD": 0.7407407407407407,
        "Hobs": 0.5555555555555556,
        "PE": 0.24090162407492086,
        "TPI": 1.125
      },
      "L3": {
        "N": 18,
        "Nall": 3,
        "GD": 0.6601307189542484,
        "PIC": 0.5525643956713915,
        "PM": 0.3333333333333333,
        "PD": 0.6666666666666667,
        "Hobs": 0.8888888888888888,
        "PE": 0.7727819268742908,
        "TPI": 4.499999999999998
      },
      "L4": {
        "N": 18,
        "Nall": 3,
        "GD": 0.6601307189542484,
        "PIC": 0.5525643956713915,
        "PM": 0.25925925925925924,
        "PD": 0.7407407407407407,
        "Hobs": 0.7777777777777778,
        "PE": 0.5584683906586055,
        "TPI": 2.25
      }
    },
    "C": {
      "L1": {
        "N": 16,
        "Nall": 6,
        "GD": 0.875,
        "PIC": 0.795135498046875,
        "PM": 0.15625,
        "PD": 0.84375,
        "Hobs": 1,
        "PE": 1,
        "TPI": null
      },
      "L2": {
        "N": 16,
        "Nall": 4,
        "GD": 0.7916666666666666,
        "PIC": 0.694305419921875,
        "PM": 0.40625,
        "PD": 0.59375,
        "Hobs": 1,
        "PE": 1,
        "TPI": null
      },
      "L3": {
        "N": 16,
        "Nall": 5,
        "GD": 0.8333333333333334,
        "PIC": 0.74688720703125,
        "PM": 0.1875,
        "PD": 0.8125,
        "Hobs": 1,
        "PE": 1,
        "TPI": null
      },
      "L4": {
        "N": 16,
        "Nall": 4,
        "GD": 0.7666666666666667,
        "PIC": 0.66748046875,
        "PM": 0.3125,
        "PD": 0.6875,
        "Hobs": 1,
        "PE": 1,
        "TPI": null
      }
    }
  },
  "freqs": {
    "all": {
      "L1": {
        "N": 54,
        "freq": {
          "10": 0.14814814814814814,
          "11": 0.18518518518518517,
          "12": 0.12962962962962962,
          "13": 0.2037037037037037,
          "14": 0.2222222222222222,
          "15": 0.1111111111111111
        }
      },
      "L2": {
        "N": 54,
        "freq": {
          "14": 0.2222222222222222,
          "15": 0.2222222222222222,
          "16": 0.25925925925925924,
          "17": 0.25925925925925924,
          "18": 0.037037037037037035
        }
      },
      "L3": {
        "N": 54,
        "freq": {
          "20": 0.16666666666666666,
          "21": 0.2037037037037037,
          "22": 0.24074074074074073,
          "23": 0.2777777777777778,
          "24": 0.1111111111111111
        }
      },
      "L4": {
        "N": 54,
        "freq": {
          "30": 0.2962962962962963,
          "31": 0.18518518518518517,
          "32": 0.12962962962962962,
          "33": 0.2777777777777778,
          "34": 0.1111111111111111
        }
      }
    },
    "A": {
      "L1": {
        "N": 20,
        "freq": {
          "10": 0.25,
          "11": 0.4,
          "12": 0.25,
          "13": 0.1
        }
      },
      "L2": {
        "N": 20,
        "freq": {
          "14": 0.4,
          "15": 0.4,
          "16": 0.2
        }
      },
      "L3": {
        "N": 20,
        "freq": {
          "20": 0.3,
          "21": 0.4,
          "22": 0.25,
          "23": 0.05
        }
      },
      "L4": {
        "N": 20,
        "freq": {
          "30": 0.6,
          "31": 0.3,
          "32": 0.1
        }
      }
    },
    "B": {
      "L1": {
        "N": 18,
        "freq": {
          "13": 0.3333333333333333,
          "14": 0.4444444444444444,
          "15": 0.2222222222222222
        }
      },
      "L2": {
        "N": 18,
        "freq": {
          "16": 0.3888888888888889,
          "17": 0.5,
          "18": 0.1111111111111111
        }
      },
      "L3": {
        "N": 18,
        "freq": {
          "22": 0.2777777777777778,
          "23": 0.5,
          "24": 0.2222222222222222
        }
      },
      "L4": {
        "N": 18,
        "freq": {
          "32": 0.2777777777777778,
          "33": 0.5,
          "34": 0.2222222222222222
        }
      }
    },
    "C": {
      "L1": {
        "N": 16,
        "freq": {
          "10": 0.1875,
          "11": 0.125,
          "12": 0.125,
          "13": 0.1875,
          "14": 0.25,
          "15": 0.125
        }
      },
      "L2": {
        "N": 16,
        "freq": {
          "14": 0.25,
          "15": 0.25,
          "16": 0.1875,
          "17": 0.3125
        }
      },
      "L3": {
        "N": 16,
        "freq": {
          "20": 0.1875,
          "21": 0.1875,
          "22": 0.1875,
          "23": 0.3125,
          "24": 0.125
        }
      },
      "L4": {
        "N": 16,
        "freq": {
          "30": 0.25,
          "31": 0.25,
          "33": 0.375,
          "34": 0.125
        }
      }
    }
  },
  "perLocusFstats": {
    "L1": {
      "Ho": 0.7888888888888889,
      "Hs": 0.7638121306916927,
      "Ht": 0.8364713275145149,
      "Fis": -0.03283105516337792,
      "Fst": 0.1341897594788258
    },
    "L2": {
      "Ho": 0.7185185185185184,
      "Hs": 0.6936686556212104,
      "Ht": 0.7769018975527491,
      "Fis": -0.035823822650677295,
      "Fst": 0.16109254054374664
    },
    "L3": {
      "Ho": 0.8962962962962964,
      "Hs": 0.727912949445796,
      "Ht": 0.7927919708029195,
      "Fis": -0.23132346660229186,
      "Fst": 0.12638605497133254
    },
    "L4": {
      "Ho": 0.725925925925926,
      "Hs": 0.6607673888695786,
      "Ht": 0.7829101172775139,
      "Fis": -0.09861040080658134,
      "Fst": 0.22813331723712307
    }
  },
  "pairwiseFst": {
    "populations": [
      "A",
      "B",
      "C"
    ],
    "matrix": [
      [
        0,
        0.2930515470316234,
        0.07199289689814775
      ],
      [
        0.2930515470316234,
        0,
        0.06748813546915221
      ],
      [
        0.07199289689814775,
        0.06748813546915221,
        0
      ]
    ]
  },
  "distances": {
    "nei": {
      "populations": [
        "A",
        "B",
        "C"
      ],
      "matrix": [
        [
          0,
          1.8450204554405465,
          0.36581287246567484
        ],
        [
          1.8450204554405465,
          0,
          0.3042529532464202
        ],
        [
          0.36581287246567484,
          0.3042529532464202,
          0
        ]
      ]
    },
    "edwards": {
      "populations": [
        "A",
        "B",
        "C"
      ],
      "matrix": [
        [
          0,
          0.8588124723464278,
          0.47601910405526016
        ],
        [
          0.8588124723464278,
          0,
          0.5465427602221241
        ],
        [
          0.47601910405526016,
          0.5465427602221241,
          0
        ]
      ]
    },
    "reynolds": {
      "populations": [
        "A",
        "B",
        "C"
      ],
      "matrix": [
        [
          0,
          0.5746901463741664,
          0.3450530156044323
        ],
        [
          0.5746901463741664,
          0,
          0.3346299947077065
        ],
        [
          0.3450530156044323,
          0.3346299947077065,
          0
        ]
      ]
    },
    "rogers": {
      "populations": [
        "A",
        "B",
        "C"
      ],
      "matrix": [
        [
          0,
          0.5558923300569103,
          0.3050061245474853
        ],
        [
          0.5558923300569103,
          0,
          0.29281769967979165
        ],
        [
          0.3050061245474853,
          0.29281769967979165,
          0
        ]
      ]
    },
    "provesti": {
      "populations": [
        "A",
        "B",
        "C"
      ],
      "matrix": [
        [
          0,
          0.825,
          0.415625
        ],
        [
          0.825,
          0,
          0.453125
        ],
        [
          0.415625,
          0.453125,
          0
        ]
      ]
    }
  },
  "pca": {
    "nInd": 27,
    "nCols": 21,
    "eigenvalues": [
      5.538380076675428,
      2.9736748287225767,
      2.6900859393996237,
      2.0592151139298016,
      1.7452702280871273,
      1.2740738838224102,
      1.1013536908926111,
      0.8537806793687815,
      0.6992804802156694,
      0.6226940376410883,
      0.4228206802769864,
      0.4110678716447226,
      0.29416029353904455,
      0.21862882108422055,
      0.04579741561343001,
      0.032554685714082224,
      0.017161273372389093,
      1.9918732493675488e-16,
      3.3193561921124675e-17,
      -8.77988382531166e-18,
      -4.3861754805551066e-17
    ],
    "variance": [
      0.26373238460359183,
      0.14160356327250367,
      0.12809933044760116,
      0.09805786256808581,
      0.08310810609938704,
      0.0606701849439243,
      0.05244541385202911,
      0.040656222827084844,
      0.033299070486460455,
      0.029652097030528023,
      0.020134318108427925,
      0.0195746605545106,
      0.014007633025668792,
      0.010410896242105743,
      0.0021808293149252387,
      0.0015502231292420109,
      0.0008172034939232903,
      9.485110711274044e-18,
      1.5806458057678421e-18,
      0,
      0
    ],
    "cumulative": [
      0.26373238460359183,
      0.4053359478760955,
      0.5334352783236966,
      0.6314931408917824,
      0.7146012469911694,
      0.7752714319350937,
      0.8277168457871229,
      0.8683730686142077,
      0.9016721391006681,
      0.9313242361311962,
      0.9514585542396241,
      0.9710332147941347,
      0.9850408478198035,
      0.9954517440619093,
      0.9976325733768345,
      0.9991827965060766,
      0.9999999999999999,
      0.9999999999999999,
      0.9999999999999999,
      0.9999999999999999,
      0.9999999999999999
    ],
    "pairDist": [
      [
        0,
        3.9803449832979094,
        4.088641807696019,
        1.6443213622653305,
        6.283342489101089,
        4.533040802179034,
        2.38886364713306,
        2.6062023441627855,
        3.847871728731896,
        4.139107161538925,
        6.491224784404167,
        7.984875661977544,
        7.261796847216229,
        7.284016268941084,
        6.941135263077971,
        7.181112945272038,
        7.6026075423951935,
        7.399816581288834,
        7.854500181228111,
        3.8964170533276863,
        4.661035219988632,
        6.0710402698003545,
        5.45115765897893,
        4.111642481497858,
        6.70865355269646,
        3.8563172750799617,
        5.209524564138507
      ],
      [
        3.9803449832979094,
        0,
        7.093174390976558,
        3.9490225305162783,
        5.378672200843098,
        2.604438750587603,
        2.541629415010398,
        5.751159547463997,
        2.7705141085771956,
        5.800516130037047,
        6.53199464807851,
        8.339106880401063,
        6.947942301512091,
        7.491039741941546,
        6.659328580275766,
        7.157420765194416,
        7.66697806044433,
        7.147192699850486,
        7.174659490736976,
        4.1498629114755525,
        6.205965893792056,
        4.596775804454557,
        5.725102725151472,
        5.130395565920124,
        5.363230678469318,
        3.9722852382968448,
        6.6201874945946075
      ],
      [
        4.088641807696019,
        7.093174390976558,
        0,
        4.6887776039573055,
        5.924405849802036,
        6.992711643762607,
        4.640571148013243,
        2.053513423623807,
        5.924052889732483,
        2.8295375641602285,
        7.03069742347704,
        8.411218247901044,
        7.86482006910346,
        8.057002106400777,
        7.765696043564892,
        7.701952257052212,
        8.069583307209811,
        8.112380372097547,
        8.393022632624112,
        6.807981845091814,
        4.03482320284571,
        7.219435834034941,
        7.12304224245434,
        4.386648669008108,
        7.258418240595937,
        6.706121981144071,
        5.037897216325215
      ],
      [
        1.6443213622653305,
        3.9490225305162783,
        4.6887776039573055,
        0,
        6.342273766453045,
        4.109767254824387,
        2.5607483845670567,
        3.0669358236927544,
        3.134904864118832,
        4.700400193176975,
        5.155899253155048,
        7.003026216741877,
        6.145724355353581,
        6.316869654959893,
        5.705591272057857,
        6.164300123424134,
        6.231443522739238,
        6.479559912955162,
        6.667849721358559,
        2.5430065802079627,
        4.07899116389362,
        5.338395832085878,
        5.139194073986347,
        3.5161856029871625,
        6.2447123123122985,
        2.590972610552644,
        4.604052966425022
      ],
      [
        6.283342489101089,
        5.378672200843098,
        5.924405849802036,
        6.342273766453045,
        0,
        5.157632791034165,
        4.362301109756772,
        5.707211385518599,
        4.6803820647310985,
        3.8622100489331084,
        6.014712526279466,
        7.89798782233287,
        6.331920070499558,
        7.151478286594717,
        6.374310197505445,
        6.3577794143544155,
        7.425062894223674,
        6.378991528375679,
        6.39281736501198,
        7.014116350672984,
        4.852284278691855,
        4.232013219783756,
        6.650516008213947,
        4.624495267320433,
        3.1492899230205613,
        6.767658246462964,
        5.616233855456397
      ],
      [
        4.533040802179034,
        2.604438750587603,
        6.992711643762607,
        4.109767254824387,
        5.157632791034165,
        0,
        3.223219909133875,
        5.4852327606110105,
        2.456653064369319,
        5.736243994117973,
        5.355356825634659,
        6.182512054796102,
        7.082702489780449,
        6.3748043921207564,
        6.526242769886879,
        5.4797906628292585,
        7.368457574243559,
        6.113945925914734,
        7.106349962595744,
        4.179779806129964,
        5.849980105448712,
        2.6529226080627444,
        6.331279954608544,
        3.660311710596759,
        5.349630692904181,
        3.2042236696701814,
        6.238010619287781
      ],
      [
        2.38886364713306,
        2.541629415010398,
        4.640571148013243,
        2.5607483845670567,
        4.362301109756772,
        3.223219909133875,
        0,
        3.5624731128597373,
        2.0568589119732925,
        3.833908939797735,
        5.6242773061025915,
        7.717138366629588,
        6.259454162097397,
        7.059337178801157,
        6.04897605742403,
        6.589759199631756,
        6.714564179854315,
        6.812619059783083,
        6.5394173470932255,
        4.0477276794805865,
        4.394265826338166,
        4.436286267406738,
        5.5387040466489745,
        3.4838340260136564,
        5.052568329952434,
        3.8965622593360556,
        5.211896167157371
      ],
      [
        2.6062023441627855,
        5.751159547463997,
        2.053513423623807,
        3.0669358236927544,
        5.707211385518599,
        5.4852327606110105,
        3.5624731128597373,
        0,
        4.800455539309325,
        2.585260399590601,
        5.9932814390692295,
        7.053990296190214,
        7.151139457118391,
        6.594222356873488,
        6.835887937786767,
        6.3569192334553675,
        7.486214202687703,
        6.761709234230763,
        7.798377605566222,
        5.064586644365499,
        3.3016303761982537,
        6.048537496854244,
        5.7129495959156475,
        3.1938471108882416,
        6.4771621956129115,
        4.853758885506397,
        3.9974974866285637
      ],
      [
        3.847871728731896,
        2.7705141085771956,
        5.924052889732483,
        3.134904864118832,
        4.6803820647310985,
        2.456653064369319,
        2.0568589119732925,
        4.800455539309325,
        0,
        5.225918854325724,
        4.477892117882667,
        6.880508608417633,
        5.687281844282273,
        6.714304867052429,
        5.3422549021840435,
        5.865246760730672,
        5.609712956811265,
        6.4100035858715305,
        5.542563780080296,
        3.739535881065809,
        4.8084747227559275,
        3.185489134025786,
        6.274009297856685,
        3.2374518756801196,
        4.953574254276752,
        3.3506506873002606,
        5.640806545476478
      ],
      [
        4.139107161538925,
        5.800516130037047,
        2.8295375641602285,
        4.700400193176975,
        3.8622100489331084,
        5.736243994117973,
        3.833908939797735,
        2.585260399590601,
        5.225918854325724,
        0,
        6.36008250119743,
        7.600655044794068,
        6.903253118638756,
        6.60571826911715,
        6.786847471077606,
        6.392202437544363,
        7.920241201475341,
        6.392209181514223,
        7.591637461244288,
        6.144754015448776,
        3.244231937492531,
        5.799683335293492,
        5.378468535921279,
        3.8528864249651047,
        5.050207755195289,
        6.010050759410618,
        3.888720771921513
      ],
      [
        6.491224784404167,
        6.53199464807851,
        7.03069742347704,
        5.155899253155048,
        6.014712526279466,
        5.355356825634659,
        5.6242773061025915,
        5.9932814390692295,
        4.477892117882667,
        6.36008250119743,
        0,
        4.414611666495256,
        3.65442481148355,
        4.03567286972737,
        2.8727503522673543,
        3.0284636547870156,
        3.202043012357556,
        3.8466408792065416,
        3.536649056913567,
        4.41408472606601,
        3.7956610188178086,
        3.8438356478313835,
        6.2380200724965285,
        3.7259985290407065,
        4.8152942372784375,
        4.276539107057739,
        4.143049217387899
      ],
      [
        7.984875661977544,
        8.339106880401063,
        8.411218247901044,
        7.003026216741877,
        7.89798782233287,
        6.182512054796102,
        7.717138366629588,
        7.053990296190214,
        6.880508608417633,
        7.600655044794068,
        4.414611666495256,
        0,
        7.661195919066279,
        3.9165378761978142,
        6.749941148192908,
        2.40628964171015,
        7.487535656503746,
        4.34342920903589,
        7.812895525154778,
        6.388742938307716,
        6.091437561241072,
        4.928104506793911,
        7.78979033888253,
        4.712003845252173,
        7.247485454854058,
        5.466059545312153,
        5.820818204321281
      ],
      [
        7.261796847216229,
        6.947942301512091,
        7.86482006910346,
        6.145724355353581,
        6.331920070499558,
        7.082702489780449,
        6.259454162097397,
        7.151139457118391,
        5.687281844282273,
        6.903253118638756,
        3.65442481148355,
        7.661195919066279,
        0,
        5.380806270035254,
        1.039063216130084,
        5.59456366661771,
        2.833594498905168,
        4.861309763543853,
        1.6713862710658618,
        5.1579058941904306,
        4.300875141348443,
        6.051847567941259,
        5.387537802669237,
        6.128505463712627,
        4.143964776234286,
        5.919518658752058,
        4.479193661502147
      ],
      [
        7.284016268941084,
        7.491039741941546,
        8.057002106400777,
        6.316869654959893,
        7.151478286594717,
        6.3748043921207564,
        7.059337178801157,
        6.594222356873488,
        6.714304867052429,
        6.60571826911715,
        4.03567286972737,
        3.9165378761978142,
        5.380806270035254,
        0,
        4.5332656501879205,
        2.1010855150913286,
        6.533406468505771,
        1.178424364613943,
        6.264891529856324,
        5.016888270247256,
        4.562894166091689,
        5.448381907163699,
        4.6037789183907805,
        5.273766913930425,
        5.236713779172026,
        4.904559740044309,
        3.5232987350861604
      ],
      [
        6.941135263077971,
        6.659328580275766,
        7.765696043564892,
        5.705591272057857,
        6.374310197505445,
        6.526242769886879,
        6.04897605742403,
        6.835887937786767,
        5.3422549021840435,
        6.786847471077606,
        2.8727503522673543,
        6.749941148192908,
        1.039063216130084,
        4.5332656501879205,
        0,
        4.7293205677406895,
        2.7666450345264892,
        4.101285168785488,
        2.0366716599334187,
        4.48799031274763,
        4.046889968339172,
        5.492284914165089,
        5.084650540501097,
        5.5893030004831115,
        4.144814203383264,
        5.157182789151762,
        4.081738691639444
      ],
      [
        7.181112945272038,
        7.157420765194416,
        7.701952257052212,
        6.164300123424134,
        6.3577794143544155,
        5.4797906628292585,
        6.589759199631756,
        6.3569192334553675,
        5.865246760730672,
        6.392202437544363,
        3.0284636547870156,
        2.40628964171015,
        5.59456366661771,
        2.1010855150913286,
        4.7293205677406895,
        0,
        6.101291254235386,
        2.099730243558088,
        5.9584340089694,
        5.246588640271851,
        4.537459643327355,
        3.9751918207897394,
        5.908851904536075,
        4.137057352873707,
        5.068833010553783,
        4.699529714198712,
        4.112150236679261
      ],
      [
        7.6026075423951935,
        7.66697806044433,
        8.069583307209811,
        6.231443522739238,
        7.425062894223674,
        7.368457574243559,
        6.714564179854315,
        7.486214202687703,
        5.609712956811265,
        7.920241201475341,
        3.202043012357556,
        7.487535656503746,
        2.833594498905168,
        6.533406468505771,
        2.7666450345264892,
        6.101291254235386,
        0,
        6.2871488509984745,
        2.0793027917230407,
        5.56811967744906,
        5.165957037916075,
        6.24134436910486,
        7.452128959643107,
        6.03732205369507,
        6.099573133007042,
        6.07182103642997,
        5.777136656248537
      ],
      [
        7.399816581288834,
        7.147192699850486,
        8.112380372097547,
        6.479559912955162,
        6.378991528375679,
        6.113945925914734,
        6.812619059783083,
        6.761709234230763,
        6.4100035858715305,
        6.392209181514223,
        3.8466408792065416,
        4.34342920903589,
        4.861309763543853,
        1.178424364613943,
        4.101285168785488,
        2.099730243558088,
        6.2871488509984745,
        0,
        5.677171849244636,
        5.198943035398655,
        4.470596734310166,
        4.926785072384438,
        4.5150418348867944,
        5.237303588773513,
        4.252538697399801,
        5.119910101677983,
        3.581482264678898
      ],
      [
        7.854500181228111,
        7.174659490736976,
        8.393022632624112,
        6.667849721358559,
        6.39281736501198,
        7.106349962595744,
        6.5394173470932255,
        7.798377605566222,
        5.542563780080296,
        7.591637461244288,
        3.536649056913567,
        7.812895525154778,
        1.6713862710658618,
        6.264891529856324,
        2.0366716599334187,
        5.9584340089694,
        2.0793027917230407,
        5.677171849244636,
        0,
        5.809363819945312,
        5.141524157864683,
        5.785475198309895,
        6.790356098249189,
        6.277629395983991,
        4.607618519808496,
        6.356204005150481,
        5.623810821608366
      ],
      [
        3.8964170533276863,
        4.1498629114755525,
        6.807981845091814,
        2.5430065802079627,
        7.014116350672984,
        4.179779806129964,
        4.0477276794805865,
        5.064586644365499,
        3.739535881065809,
        6.144754015448776,
        4.41408472606601,
        6.388742938307716,
        5.1579058941904306,
        5.016888270247256,
        4.48799031274763,
        5.246588640271851,
        5.56811967744906,
        5.198943035398655,
        5.809363819945312,
        0,
        4.619277761342502,
        5.119849116309999,
        4.249091926675907,
        4.495728381980752,
        5.776326137259029,
        1.4378714510342734,
        4.56708890040599
      ],
      [
        4.661035219988632,
        6.205965893792056,
        4.03482320284571,
        4.07899116389362,
        4.852284278691855,
        5.849980105448712,
        4.394265826338166,
        3.3016303761982537,
        4.8084747227559275,
        3.244231937492531,
        3.7956610188178086,
        6.091437561241072,
        4.300875141348443,
        4.562894166091689,
        4.046889968339172,
        4.537459643327355,
        5.165957037916075,
        4.470596734310166,
        5.141524157864683,
        4.619277761342502,
        0,
        5.238563128304707,
        4.498392828167887,
        3.2913562578897584,
        4.359485124627714,
        4.817347673019347,
        1.496103151907993
      ],
      [
        6.0710402698003545,
        4.596775804454557,
        7.219435834034941,
        5.338395832085878,
        4.232013219783756,
        2.6529226080627444,
        4.436286267406738,
        6.048537496854244,
        3.185489134025786,
        5.799683335293492,
        3.8438356478313835,
        4.928104506793911,
        6.051847567941259,
        5.448381907163699,
        5.492284914165089,
        3.9751918207897394,
        6.24134436910486,
        4.926785072384438,
        5.785475198309895,
        5.119849116309999,
        5.238563128304707,
        0,
        6.760636694171538,
        3.2207324149009753,
        4.238687146508282,
        4.284351991094554,
        5.700534179717238
      ],
      [
        5.45115765897893,
        5.725102725151472,
        7.12304224245434,
        5.139194073986347,
        6.650516008213947,
        6.331279954608544,
        5.5387040466489745,
        5.7129495959156475,
        6.274009297856685,
        5.378468535921279,
        6.2380200724965285,
        7.78979033888253,
        5.387537802669237,
        4.6037789183907805,
        5.084650540501097,
        5.908851904536075,
        7.452128959643107,
        4.5150418348867944,
        6.790356098249189,
        4.249091926675907,
        4.498392828167887,
        6.760636694171538,
        0,
        6.1931888461621325,
        4.759797033554303,
        4.965126169866735,
        3.5912605097941004
      ],
      [
        4.111642481497858,
        5.130395565920124,
        4.386648669008108,
        3.5161856029871625,
        4.624495267320433,
        3.660311710596759,
        3.4838340260136564,
        3.1938471108882416,
        3.2374518756801196,
        3.8528864249651047,
        3.7259985290407065,
        4.712003845252173,
        6.128505463712627,
        5.273766913930425,
        5.5893030004831115,
        4.137057352873707,
        6.03732205369507,
        5.237303588773513,
        6.277629395983991,
        4.495728381980752,
        3.2913562578897584,
        3.2207324149009753,
        6.1931888461621325,
        0,
        5.224926888616116,
        3.731620336151847,
        4.0784672628167735
      ],
      [
        6.70865355269646,
        5.363230678469318,
        7.258418240595937,
        6.2447123123122985,
        3.1492899230205613,
        5.349630692904181,
        5.052568329952434,
        6.4771621956129115,
        4.953574254276752,
        5.050207755195289,
        4.8152942372784375,
        7.247485454854058,
        4.143964776234286,
        5.236713779172026,
        4.144814203383264,
        5.068833010553783,
        6.099573133007042,
        4.252538697399801,
        4.607618519808496,
        5.776326137259029,
        4.359485124627714,
        4.238687146508282,
        4.759797033554303,
        5.224926888616116,
        0,
        5.91812878916288,
        4.491844032137074
      ],
      [
        3.8563172750799617,
        3.9722852382968448,
        6.706121981144071,
        2.590972610552644,
        6.767658246462964,
        3.2042236696701814,
        3.8965622593360556,
        4.853758885506397,
        3.3506506873002606,
        6.010050759410618,
        4.276539107057739,
        5.466059545312153,
        5.919518658752058,
        4.904559740044309,
        5.157182789151762,
        4.699529714198712,
        6.07182103642997,
        5.119910101677983,
        6.356204005150481,
        1.4378714510342734,
        4.817347673019347,
        4.284351991094554,
        4.965126169866735,
        3.731620336151847,
        5.91812878916288,
        0,
        4.844017393818275
      ],
      [
        5.209524564138507,
        6.6201874945946075,
        5.037897216325215,
        4.604052966425022,
        5.616233855456397,
        6.238010619287781,
        5.211896167157371,
        3.9974974866285637,
        5.640806545476478,
        3.888720771921513,
        4.143049217387899,
        5.820818204321281,
        4.479193661502147,
        3.5232987350861604,
        4.081738691639444,
        4.112150236679261,
        5.777136656248537,
        3.581482264678898,
        5.623810821608366,
        4.56708890040599,
        1.496103151907993,
        5.700534179717238,
        3.5912605097941004,
        4.0784672628167735,
        4.491844032137074,
        4.844017393818275,
        0
      ]
    ],
    "individuals": [
      "A1",
      "A2",
      "A3",
      "A4",
      "A5",
      "A6",
      "A7",
      "A8",
      "A9",
      "A10",
      "B1",
      "B2",
      "B3",
      "B4",
      "B5",
      "B6",
      "B7",
      "B8",
      "B9",
      "C1",
      "C2",
      "C3",
      "C4",
      "C5",
      "C6",
      "C7",
      "C8"
    ]
  }
}