{
  "dataset": "two_pop_two_loci_diploid",
  "ploidy": 2,
  "nInd": 12,
  "pops": [
    "A",
    "B"
  ],
  "indices": {
    "all": {
      "L1": {
        "N": 24,
        "Nall": 6,
        "GD": 0.8478260869565217,
        "PIC": 0.7849754050925926,
        "PM": 0.11111111111111113,
        "PD": 0.8888888888888888,
        "Hobs": 0.6666666666666666,
        "PE": 0.3786008230452675,
        "TPI": 1.4999999999999998
      },
      "L2": {
        "N": 24,
        "Nall": 5,
        "GD": 0.8152173913043478,
        "PIC": 0.7450267650462963,
        "PM": 0.1388888888888889,
        "PD": 0.8611111111111112,
        "Hobs": 0.75,
        "PE": 0.509765625,
        "TPI": 2
      }
    },
    "A": {
      "L1": {
        "N": 12,
        "Nall": 3,
        "GD": 0.6818181818181818,
        "PIC": 0.5454282407407407,
        "PM": 0.22222222222222227,
        "PD": 0.7777777777777777,
        "Hobs": 0.6666666666666666,
        "PE": 0.3786008230452675,
        "TPI": 1.4999999999999998
      },
      "L2": {
        "N": 12,
        "Nall": 3,
        "GD": 0.6818181818181818,
        "PIC": 0.5454282407407407,
        "PM": 0.22222222222222227,
        "PD": 0.7777777777777777,
        "Hobs": 0.6666666666666666,
        "PE": 0.3786008230452675,
        "TPI": 1.4999999999999998
      }
    },
    "B": {
      "L1": {
        "N": 12,
        "Nall": 3,
        "GD": 0.6818181818181818,
        "PIC": 0.5454282407407407,
        "PM": 0.22222222222222227,
        "PD": 0.7777777777777777,
        "Hobs": 0.6666666666666666,
        "PE": 0.3786008230452675,
        "TPI": 1.4999999999999998
      },
      "L2": {
        "N": 12,
        "Nall": 3,
        "GD": 0.6666666666666667,
        "PIC": 0.5354938271604939,
        "PM": 0.33333333333333337,
        "PD": 0.6666666666666666,
        "Hobs": 0.8333333333333334,
        "PE": 0.6622942386831276,
        "TPI": 3.000000000000001
      }
    }
  },
  "freqs": {
    "all": {
      "L1": {
        "N": 24,
        "freq": {
          "10": 0.20833333333333334,
          "11": 0.20833333333333334,
          "12": 0.08333333333333333,
          "13": 0.20833333333333334,
          "14": 0.20833333333333334,
          "15": 0.08333333333333333
        }
      },
      "L2": {
        "N": 24,
        "freq": {
          "14": 0.20833333333333334,
          "15": 0.20833333333333334,
          "16": 0.25,
          "17": 0.25,
          "18": 0.08333333333333333
        }
      }
    },
    "A": {
      "L1": {
        "N": 12,
        "freq": {
          "10": 0.4166666666666667,
          "11": 0.4166666666666667,
          "12": 0.16666666666666666
        }
      },
      "L2": {
        "N": 12,
        "freq": {
          "14": 0.4166666666666667,
          "15": 0.4166666666666667,
          "16": 0.16666666666666666
        }
      }
    },
    "B": {
      "L1": {
        "N": 12,
        "freq": {
          "13": 0.4166666666666667,
          "14": 0.4166666666666667,
          "15": 0.16666666666666666
        }
      },
      "L2": {
        "N": 12,
        "freq": {
          "16": 0.3333333333333333,
          "17": 0.5,
          "18": 0.16666666666666666
        }
      }
    }
  },
  "perLocusFstats": {
    "L1": {
      "Ho": 0.6666666666666666,
      "Hs": 0.6833333333333332,
      "Ht": 0.8416666666666667,
      "Fis": 0.024390243902438935,
      "Fst": 0.3166666666666667
    },
    "L2": {
      "Ho": 0.75,
      "Hs": 0.6666666666666666,
      "Ht": 0.8055555555555556,
      "Fis": -0.125,
      "Fst": 0.2941176470588236
    }
  },
  "pairwiseFst": {
    "populations": [
      "A",
      "B"
    ],
    "matrix": [
      [
        0,
        0.30571428571428577
      ],
      [
        0.30571428571428577,
        0
      ]
    ]
  },
  "distances": {
    "nei": {
      "populations": [
        "A",
        "B"
      ],
      "matrix": [
        [
          0,
          2.611864254778482
        ],
        [
          2.611864254778482,
          0
        ]
      ]
    },
    "edwards": {
      "populations": [
        "A",
        "B"
      ],
      "matrix": [
        [
          0,
          0.9392278050623513
        ],
        [
          0.9392278050623513,
          0
        ]
      ]
    },
    "reynolds": {
      "populations": [
        "A",
        "B"
      ],
      "matrix": [
        [
          0,
          0.6005949431307974
        ],
        [
          0.6005949431307974,
          0
        ]
      ]
    },
    "rogers": {
      "populations": [
        "A",
        "B"
      ],
      "matrix": [
        [
          0,
          0.5918384928646074
        ],
        [
          0.5918384928646074,
          0
        ]
      ]
    },
    "provesti": {
      "populations": [
        "A",
        "B"
      ],
      "matrix": [
        [
          0,
          0.9166666666666665
        ],
        [
          0.9166666666666665,
          0
        ]
      ]
    }
  },
  "pca": {
    "nInd": 12,
    "nCols": 11,
    "eigenvalues": [
      3.9618419238958236,
      1.9513164708867174,
      1.9126131203140029,
      1.6271186440677972,
      1.0402871866217653,
      0.4067796610169495,
      0.10004299319694833,
      2.3797002574414126e-16,
      6.164410464801815e-17,
      -5.1517765967853826e-17,
      -2.1281160519846252e-16
    ],
    "variance": [
      0.36016744762689284,
      0.17739240644424698,
      0.17387392002854565,
      0.14791987673343604,
      0.09457156242016043,
      0.03697996918335903,
      0.009094817563358934,
      2.163363870401283e-17,
      5.604009513456193e-18,
      0,
      0
    ],
    "cumulative": [
      0.36016744762689284,
      0.5375598540711398,
      0.7114337740996854,
      0.8593536508331214,
      0.9539252132532818,
      0.9909051824366408,
      0.9999999999999998,
      0.9999999999999998,
      0.9999999999999998,
      0.9999999999999998,
      0.9999999999999998
    ],
    "pairDist": [
      [
        0,
        9.992007221626409e-16,
        4.487270130083439,
        3.534198385218362,
        4.630303528760614,
        1.4957567100278129,
        4.62042725652084,
        5.376933518008234,
        5.046972405352535,
        5.359010167908529,
        5.497744575406688,
        4.62042725652084
      ],
      [
        9.992007221626409e-16,
        0,
        4.487270130083439,
        3.534198385218361,
        4.630303528760613,
        1.4957567100278129,
        4.6204272565208395,
        5.376933518008233,
        5.046972405352535,
        5.3590101679085285,
        5.497744575406688,
        4.6204272565208395
      ],
      [
        4.487270130083439,
        4.487270130083439,
        0,
        5.711930623389881,
        3.837687632113028,
        2.991513420055626,
        5.297189107402185,
        5.968523976986277,
        5.673076314238125,
        5.952382244658577,
        6.077586677554943,
        5.297189107402185
      ],
      [
        3.534198385218362,
        3.534198385218361,
        5.711930623389881,
        0,
        2.9915134200556257,
        3.837687632113028,
        4.178323841760909,
        5.699896067919653,
        4.674246503160503,
        5.686414751965137,
        5.135577779944025,
        4.178323841760909
      ],
      [
        4.630303528760614,
        4.630303528760613,
        3.837687632113028,
        2.9915134200556257,
        0,
        3.837687632113028,
        4.178323841760908,
        5.699896067919653,
        4.674246503160502,
        5.6864147519651365,
        5.1355777799440245,
        4.178323841760908
      ],
      [
        1.4957567100278129,
        1.4957567100278129,
        2.991513420055626,
        3.837687632113028,
        3.837687632113028,
        0,
        4.371619825328761,
        5.164699983686097,
        4.820232600694361,
        5.14603748957912,
        5.2903598441713235,
        4.371619825328761
      ],
      [
        4.62042725652084,
        4.6204272565208395,
        5.297189107402185,
        4.178323841760909,
        4.178323841760908,
        4.371619825328761,
        0,
        3.1632307489460425,
        1.7742950740147636,
        4.3064806161597025,
        4.19631004422074,
        0
      ],
      [
        5.376933518008234,
        5.376933518008233,
        5.968523976986277,
        5.699896067919653,
        5.699896067919653,
        5.164699983686097,
        3.1632307489460425,
        0,
        4.841171329625059,
        4.196310044220741,
        6.056758061806001,
        3.1632307489460425
      ],
      [
        5.046972405352535,
        5.046972405352535,
        5.673076314238125,
        4.674246503160503,
        4.674246503160502,
        4.820232600694361,
        1.7742950740147636,
        4.841171329625059,
        0,
        5.2810418883024015,
        4.082873749436828,
        1.7742950740147636
      ],
      [
        5.359010167908529,
        5.3590101679085285,
        5.952382244658577,
        5.686414751965137,
        5.6864147519651365,
        5.14603748957912,
        4.3064806161597025,
        4.196310044220741,
        5.2810418883024015,
        0,
        3.163230748946042,
        4.3064806161597025
      ],
      [
        5.497744575406688,
        5.497744575406688,
        6.077586677554943,
        5.135577779944025,
        5.1355777799440245,
        5.2903598441713235,
        4.19631004422074,
        6.056758061806001,
        4.082873749436828,
        3.163230748946042,
        0,
        4.19631004422074
      ],
      [
        4.62042725652084,
        4.6204272565208395,
        5.297189107402185,
        4.178323841760909,
        4.178323841760908,
        4.371619825328761,
        0,
        3.1632307489460425,
        1.7742950740147636,
        4.3064806161597025,
        4.19631004422074,
        0
      ]
    ],
    "individuals": [
      "A1",
      "A2",
      "A3",
      "A4",
      "A5",
      "A6",
      "B1",
      "B2",
      "B3",
      "B4",
      "B5",
      "B6"
    ]
  }
}